100,1,SA,0.6055469953775039,0.016556525
100,2,SA,0.6055469953775039,0.018056178
100,3,SA,0.5978428351309707,0.017845192
100,4,SA,0.5993836671802774,0.018746742
100,5,SA,0.5993836671802774,0.026583634
100,6,SA,0.5993836671802774,0.017557256
100,7,SA,0.5993836671802774,0.018608074
100,8,SA,0.5963020030816641,0.018569459
100,9,SA,0.5963020030816641,0.017846165
100,10,SA,0.5963020030816641,0.018225507
100,11,SA,0.5932203389830508,0.017577627
100,12,SA,0.5947611710323575,0.018190797
100,13,SA,0.5978428351309707,0.018826323
100,14,SA,0.5963020030816641,0.017340922
100,15,SA,0.5963020030816641,0.018262769
100,16,SA,0.5947611710323575,0.019218437
100,17,SA,0.5947611710323575,0.017013737
100,18,SA,0.5947611710323575,0.017790964
100,19,SA,0.5963020030816641,0.017988617
100,20,SA,0.5963020030816641,0.0183463
100,21,SA,0.5963020030816641,0.018274103
100,22,SA,0.5963020030816641,0.017417285
100,23,SA,0.5947611710323575,0.017709831
100,24,SA,0.5916795069337443,0.017275106
100,25,SA,0.5916795069337443,0.018366004
100,26,SA,0.5916795069337443,0.017501739
100,27,SA,0.5916795069337443,0.017502328
100,28,SA,0.5916795069337443,0.017762048
100,29,SA,0.5916795069337443,0.017248004
100,30,SA,0.5963020030816641,0.017297282
100,31,SA,0.5993836671802774,0.017288885
100,32,SA,0.5993836671802774,0.01796901
100,33,SA,0.600924499229584,0.016846835
100,34,SA,0.600924499229584,0.016756656
100,35,SA,0.600924499229584,0.017491552
100,36,SA,0.600924499229584,0.018736247
100,37,SA,0.588597842835131,0.018156714
100,38,SA,0.588597842835131,0.018146061
100,39,SA,0.5901386748844376,0.017689824
100,40,SA,0.5916795069337443,0.017067814
100,41,SA,0.5916795069337443,0.018107889
100,42,SA,0.5916795069337443,0.017805086
100,43,SA,0.5901386748844376,0.01740658
100,44,SA,0.5916795069337443,0.016990745
100,45,SA,0.5916795069337443,0.017846776
100,46,SA,0.5932203389830508,0.017167682
100,47,SA,0.5916795069337443,0.017553671
100,48,SA,0.5916795069337443,0.017522075
100,49,SA,0.5932203389830508,0.016658623
100,50,SA,0.5932203389830508,0.018026116
100,51,SA,0.5932203389830508,0.016887309
100,52,SA,0.5932203389830508,0.016851253
100,53,SA,0.588597842835131,0.018940547
100,54,SA,0.588597842835131,0.018200824
100,55,SA,0.588597842835131,0.018399157
100,56,SA,0.588597842835131,0.018644439
100,57,SA,0.5839753466872111,0.018147127
100,58,SA,0.5855161787365177,0.018404252
100,59,SA,0.5855161787365177,0.016983616
100,60,SA,0.5855161787365177,0.017929395
100,61,SA,0.5855161787365177,0.017686063
100,62,SA,0.5855161787365177,0.018314315
100,63,SA,0.5855161787365177,0.01819054
100,64,SA,0.5855161787365177,0.017706451
100,65,SA,0.5855161787365177,0.019227292
100,66,SA,0.5901386748844376,0.017068765
100,67,SA,0.5901386748844376,0.016481339
100,68,SA,0.5901386748844376,0.018392984
100,69,SA,0.5901386748844376,0.018100929
100,70,SA,0.5916795069337443,0.018704697
100,71,SA,0.588597842835131,0.017244799
100,72,SA,0.588597842835131,0.018704627
100,73,SA,0.5870570107858244,0.017460274
100,74,SA,0.5916795069337443,0.022153445
100,75,SA,0.588597842835131,0.018810859
100,76,SA,0.5901386748844376,0.022352629
100,77,SA,0.5901386748844376,0.018721204
100,78,SA,0.5901386748844376,0.017611579
100,79,SA,0.5870570107858244,0.020916691
100,80,SA,0.5870570107858244,0.018003298
100,81,SA,0.5870570107858244,0.017668202
100,82,SA,0.5855161787365177,0.019746856
100,83,SA,0.5870570107858244,0.01751289
100,84,SA,0.588597842835131,0.017981148
100,85,SA,0.588597842835131,0.017815417
100,86,SA,0.5901386748844376,0.017604896
100,87,SA,0.5901386748844376,0.017387438
100,88,SA,0.5901386748844376,0.017621012
100,89,SA,0.5824345146379045,0.017344311
100,90,SA,0.5824345146379045,0.016795224
100,91,SA,0.5870570107858244,0.01765455
100,92,SA,0.588597842835131,0.018659971
100,93,SA,0.588597842835131,0.01914371
100,94,SA,0.5870570107858244,0.017522145
100,95,SA,0.5870570107858244,0.018458594
100,96,SA,0.5870570107858244,0.0205936
100,97,SA,0.5870570107858244,0.017134878
100,98,SA,0.6040061633281972,0.017593884
100,99,SA,0.6040061633281972,0.016958904
100,100,SA,0.6040061633281972,0.017570194
100,101,SA,0.600924499229584,0.017207479
100,102,SA,0.600924499229584,0.018866842
100,103,SA,0.600924499229584,0.019207767
100,104,SA,0.600924499229584,0.017995499
100,105,SA,0.600924499229584,0.018182894
100,106,SA,0.6024653312788906,0.017212612
100,107,SA,0.6040061633281972,0.017264469
100,108,SA,0.6055469953775039,0.017228277
100,109,SA,0.6055469953775039,0.018953913
100,110,SA,0.6070878274268104,0.018771778
100,111,SA,0.6055469953775039,0.017436829
100,112,SA,0.6055469953775039,0.016873536
100,113,SA,0.6055469953775039,0.017570377
100,114,SA,0.5901386748844376,0.01760604
100,115,SA,0.5901386748844376,0.018115252
100,116,SA,0.5901386748844376,0.018498744
100,117,SA,0.588597842835131,0.017203286
100,118,SA,0.588597842835131,0.018534705
100,119,SA,0.588597842835131,0.017286112
100,120,SA,0.5901386748844376,0.017710411
100,121,SA,0.5901386748844376,0.017626635
100,122,SA,0.588597842835131,0.018319373
100,123,SA,0.588597842835131,0.017774059
100,124,SA,0.588597842835131,0.017979927
100,125,SA,0.588597842835131,0.017573036
100,126,SA,0.588597842835131,0.016909785
100,127,SA,0.5901386748844376,0.018377661
100,128,SA,0.5901386748844376,0.018335779
100,129,SA,0.5901386748844376,0.018009252
100,130,SA,0.5901386748844376,0.018061954
100,131,SA,0.5901386748844376,0.018354152
100,132,SA,0.5932203389830508,0.017581264
100,133,SA,0.5932203389830508,0.017521135
100,134,SA,0.5932203389830508,0.017425632
100,135,SA,0.5947611710323575,0.017204589
100,136,SA,0.5947611710323575,0.018434516
100,137,SA,0.5947611710323575,0.018239484
100,138,SA,0.5978428351309707,0.018480463
100,139,SA,0.5978428351309707,0.017938637
100,140,SA,0.5901386748844376,0.018491344
100,141,SA,0.5901386748844376,0.017100856
100,142,SA,0.5901386748844376,0.017263104
100,143,SA,0.5932203389830508,0.017948966
100,144,SA,0.5901386748844376,0.018265514
100,145,SA,0.5855161787365177,0.018548629
100,146,SA,0.5870570107858244,0.017933764
100,147,SA,0.5901386748844376,0.017636876
100,148,SA,0.5901386748844376,0.01745311
100,149,SA,0.5901386748844376,0.018927182
100,150,SA,0.5839753466872111,0.017823926
100,151,SA,0.5855161787365177,0.018217962
100,152,SA,0.5839753466872111,0.018344637
100,153,SA,0.5855161787365177,0.018294759
100,154,SA,0.5855161787365177,0.018301115
100,155,SA,0.5870570107858244,0.017446267
100,156,SA,0.5839753466872111,0.018600379
100,157,SA,0.5855161787365177,0.016559438
100,158,SA,0.5870570107858244,0.016761444
100,159,SA,0.5839753466872111,0.01870605
100,160,SA,0.5855161787365177,0.01805203
100,161,SA,0.5855161787365177,0.01834536
100,162,SA,0.5855161787365177,0.017678769
100,163,SA,0.5855161787365177,0.018826195
100,164,SA,0.5870570107858244,0.017799927
100,165,SA,0.588597842835131,0.018421262
100,166,SA,0.5916795069337443,0.017366254
100,167,SA,0.5901386748844376,0.018368678
100,168,SA,0.5901386748844376,0.018536275
100,169,SA,0.5901386748844376,0.018610903
100,170,SA,0.5901386748844376,0.018033286
100,171,SA,0.5901386748844376,0.018015277
100,172,SA,0.5901386748844376,0.017977098
100,173,SA,0.5901386748844376,0.017215432
100,174,SA,0.588597842835131,0.017625057
100,175,SA,0.588597842835131,0.017274334
100,176,SA,0.588597842835131,0.018978855
100,177,SA,0.5963020030816641,0.017849077
100,178,SA,0.5916795069337443,0.018436799
100,179,SA,0.5916795069337443,0.018133431
100,180,SA,0.5916795069337443,0.018623445
100,181,SA,0.5916795069337443,0.019213672
100,182,SA,0.5901386748844376,0.017651725
100,183,SA,0.5901386748844376,0.016993605
100,184,SA,0.5870570107858244,0.018124666
100,185,SA,0.5901386748844376,0.017762894
100,186,SA,0.5901386748844376,0.018373126
100,187,SA,0.5901386748844376,0.017528104
100,188,SA,0.588597842835131,0.022265689
100,189,SA,0.5855161787365177,0.01831874
100,190,SA,0.5855161787365177,0.017658034
100,191,SA,0.5855161787365177,0.01832215
100,192,SA,0.5839753466872111,0.017970552
100,193,SA,0.5839753466872111,0.017651091
100,194,SA,0.5855161787365177,0.019757687
100,195,SA,0.5870570107858244,0.01829745
100,196,SA,0.5855161787365177,0.018007242
100,197,SA,0.5855161787365177,0.017542109
100,198,SA,0.5839753466872111,0.017324229
100,199,SA,0.5839753466872111,0.018712023
100,200,SA,0.5855161787365177,0.018728348
100,201,SA,0.5855161787365177,0.017138991
100,202,SA,0.5855161787365177,0.017233729
100,203,SA,0.5993836671802774,0.017249337
100,204,SA,0.5993836671802774,0.017338979
100,205,SA,0.5993836671802774,0.018419403
100,206,SA,0.5993836671802774,0.020493864
100,207,SA,0.5993836671802774,0.018840406
100,208,SA,0.5993836671802774,0.018349295
100,209,SA,0.5993836671802774,0.017302475
100,210,SA,0.5993836671802774,0.017382426
100,211,SA,0.5993836671802774,0.017333684
100,212,SA,0.5993836671802774,0.019427353
100,213,SA,0.5978428351309707,0.017780625
100,214,SA,0.5932203389830508,0.018981047
100,215,SA,0.5932203389830508,0.017871672
100,216,SA,0.5916795069337443,0.019144004
100,217,SA,0.5947611710323575,0.017107516
100,218,SA,0.5947611710323575,0.018499955
100,219,SA,0.5963020030816641,0.018230246
100,220,SA,0.5963020030816641,0.018893068
100,221,SA,0.5978428351309707,0.018060924
100,222,SA,0.5978428351309707,0.017270161
100,223,SA,0.6070878274268104,0.017078548
100,224,SA,0.6070878274268104,0.018579167
100,225,SA,0.6070878274268104,0.01846541
100,226,SA,0.6070878274268104,0.018024633
100,227,SA,0.6070878274268104,0.018056679
100,228,SA,0.6055469953775039,0.019125432
100,229,SA,0.6055469953775039,0.017867655
100,230,SA,0.6086286594761171,0.018179566
100,231,SA,0.6086286594761171,0.017666595
100,232,SA,0.600924499229584,0.018081878
100,233,SA,0.600924499229584,0.017940324
100,234,SA,0.5978428351309707,0.018579432
100,235,SA,0.5978428351309707,0.017761561
100,236,SA,0.5932203389830508,0.020217856
100,237,SA,0.5901386748844376,0.020019824
100,238,SA,0.5901386748844376,0.017914094
100,239,SA,0.5839753466872111,0.018505341
100,240,SA,0.5839753466872111,0.019719946
100,241,SA,0.5839753466872111,0.018812902
100,242,SA,0.5808936825885979,0.018124251
100,243,SA,0.5808936825885979,0.017558225
100,244,SA,0.5808936825885979,0.017534063
100,245,SA,0.5731895223420647,0.019131145
100,246,SA,0.5731895223420647,0.019132122
100,247,SA,0.5731895223420647,0.019281457
100,248,SA,0.5731895223420647,0.020687997
100,249,SA,0.5747303543913713,0.019517473
100,250,SA,0.5747303543913713,0.018958843
100,251,SA,0.5731895223420647,0.020165012
100,252,SA,0.5731895223420647,0.019514605
100,253,SA,0.5716486902927581,0.018335686
100,254,SA,0.5716486902927581,0.019416567
100,255,SA,0.5731895223420647,0.019533961
100,256,SA,0.5731895223420647,0.019602011
100,257,SA,0.5716486902927581,0.020056079
100,258,SA,0.5716486902927581,0.019472711
100,259,SA,0.5716486902927581,0.018607536
100,260,SA,0.5716486902927581,0.019605735
100,261,SA,0.5716486902927581,0.01903803
100,262,SA,0.5716486902927581,0.018215623
100,263,SA,0.5701078582434514,0.018980327
100,264,SA,0.5701078582434514,0.019347412
100,265,SA,0.5701078582434514,0.022904093
100,266,SA,0.5701078582434514,0.018083708
100,267,SA,0.5701078582434514,0.019845747
100,268,SA,0.5701078582434514,0.021745234
100,269,SA,0.5701078582434514,0.020680284
100,270,SA,0.5793528505392912,0.019141752
100,271,SA,0.5793528505392912,0.023076
100,272,SA,0.5808936825885979,0.018973696
100,273,SA,0.5824345146379045,0.019815076
100,274,SA,0.5824345146379045,0.018653516
100,275,SA,0.5824345146379045,0.017471267
100,276,SA,0.5839753466872111,0.022997699
100,277,SA,0.5839753466872111,0.018463832
100,278,SA,0.5839753466872111,0.019439829
100,279,SA,0.5855161787365177,0.018859624
100,280,SA,0.5839753466872111,0.017615271
100,281,SA,0.5855161787365177,0.01682841
100,282,SA,0.588597842835131,0.018246297
100,283,SA,0.588597842835131,0.018446973
100,284,SA,0.5870570107858244,0.018267473
100,285,SA,0.5870570107858244,0.019341305
100,286,SA,0.588597842835131,0.01915033
100,287,SA,0.588597842835131,0.018123676
100,288,SA,0.588597842835131,0.019435309
100,289,SA,0.588597842835131,0.017646571
100,290,SA,0.588597842835131,0.017186303
100,291,SA,0.588597842835131,0.019089984
100,292,SA,0.588597842835131,0.018095172
100,293,SA,0.588597842835131,0.0184399
100,294,SA,0.588597842835131,0.018815339
100,295,SA,0.588597842835131,0.017374743
100,296,SA,0.5901386748844376,0.017604427
100,297,SA,0.600924499229584,0.01783912
100,298,SA,0.600924499229584,0.017256964
100,299,SA,0.600924499229584,0.017821578
100,300,SA,0.5978428351309707,0.017739176
100,301,SA,0.5963020030816641,0.017630101
100,302,SA,0.5963020030816641,0.019030124
100,303,SA,0.5978428351309707,0.016781368
100,304,SA,0.5978428351309707,0.017411005
100,305,SA,0.5978428351309707,0.019759248
100,306,SA,0.5963020030816641,0.018115955
100,307,SA,0.5963020030816641,0.020544663
100,308,SA,0.5932203389830508,0.020782821
100,309,SA,0.5963020030816641,0.017252207
100,310,SA,0.5963020030816641,0.021453891
100,311,SA,0.5947611710323575,0.020392704
100,312,SA,0.5963020030816641,0.021252587
100,313,SA,0.5963020030816641,0.020833727
100,314,SA,0.5963020030816641,0.020179024
100,315,SA,0.5963020030816641,0.02115878
100,316,SA,0.5963020030816641,0.022280688
100,317,SA,0.5963020030816641,0.021382706
100,318,SA,0.6040061633281972,0.021109778
100,319,SA,0.6040061633281972,0.018979873
100,320,SA,0.6040061633281972,0.020420585
100,321,SA,0.6040061633281972,0.021104521
100,322,SA,0.6040061633281972,0.020976052
100,323,SA,0.6040061633281972,0.020737374
100,324,SA,0.6040061633281972,0.023311936
100,325,SA,0.6040061633281972,0.020328129
100,326,SA,0.6055469953775039,0.018225727
100,327,SA,0.6055469953775039,0.020956129
100,328,SA,0.6055469953775039,0.017996672
100,329,SA,0.6040061633281972,0.017041669
100,330,SA,0.6040061633281972,0.018820776
100,331,SA,0.6040061633281972,0.017588807
100,332,SA,0.6040061633281972,0.018026755
100,333,SA,0.6040061633281972,0.016975596
100,334,SA,0.6040061633281972,0.017616133
100,335,SA,0.6040061633281972,0.017915909
100,336,SA,0.6040061633281972,0.018971546
100,337,SA,0.6040061633281972,0.017989496
100,338,SA,0.6040061633281972,0.01793877
100,339,SA,0.6040061633281972,0.019332394
100,340,SA,0.6040061633281972,0.018256186
100,341,SA,0.6040061633281972,0.020433104
100,342,SA,0.6024653312788906,0.01708598
100,343,SA,0.600924499229584,0.018496123
100,344,SA,0.600924499229584,0.019261276
100,345,SA,0.600924499229584,0.017396586
100,346,SA,0.600924499229584,0.018830216
100,347,SA,0.600924499229584,0.017800107
100,348,SA,0.600924499229584,0.017723353
100,349,SA,0.600924499229584,0.017296398
100,350,SA,0.600924499229584,0.017262075
100,351,SA,0.5993836671802774,0.017477405
100,352,SA,0.5993836671802774,0.017426639
100,353,SA,0.600924499229584,0.017544414
100,354,SA,0.600924499229584,0.018388763
100,355,SA,0.600924499229584,0.019044351
100,356,SA,0.600924499229584,0.017608243
100,357,SA,0.600924499229584,0.017450785
100,358,SA,0.600924499229584,0.01860927
100,359,SA,0.600924499229584,0.018717928
100,360,SA,0.600924499229584,0.019425484
100,361,SA,0.5993836671802774,0.020657183
100,362,SA,0.6040061633281972,0.019914749
100,363,SA,0.6040061633281972,0.021629043
100,364,SA,0.6040061633281972,0.018142464
100,365,SA,0.6040061633281972,0.021767767
100,366,SA,0.6040061633281972,0.021937283
100,367,SA,0.6040061633281972,0.020905949
100,368,SA,0.6040061633281972,0.019811009
100,369,SA,0.600924499229584,0.01950174
100,370,SA,0.5993836671802774,0.019056941
100,371,SA,0.600924499229584,0.018721745
100,372,SA,0.600924499229584,0.018939075
100,373,SA,0.600924499229584,0.019400147
100,374,SA,0.6024653312788906,0.020391515
100,375,SA,0.600924499229584,0.020305343
100,376,SA,0.600924499229584,0.018636199
100,377,SA,0.600924499229584,0.018781742
100,378,SA,0.600924499229584,0.017620329
100,379,SA,0.600924499229584,0.020165185
100,380,SA,0.6024653312788906,0.02312588
100,381,SA,0.6040061633281972,0.021332366
100,382,SA,0.6055469953775039,0.020716754
100,383,SA,0.6055469953775039,0.019294311
100,384,SA,0.6055469953775039,0.01993336
100,385,SA,0.6024653312788906,0.022769279
100,386,SA,0.5978428351309707,0.021933041
100,387,SA,0.5993836671802774,0.021700887
100,388,SA,0.5993836671802774,0.020295254
100,389,SA,0.6040061633281972,0.019713576
100,390,SA,0.6055469953775039,0.018652144
100,391,SA,0.6040061633281972,0.01875608
100,392,SA,0.600924499229584,0.018710979
100,393,SA,0.600924499229584,0.019888294
100,394,SA,0.613251155624037,0.022940273
100,395,SA,0.6117103235747303,0.018623144
100,396,SA,0.6117103235747303,0.017307901
100,397,SA,0.6117103235747303,0.020205494
100,398,SA,0.6117103235747303,0.018078442
100,399,SA,0.6178736517719569,0.018896779
100,400,SA,0.6194144838212635,0.022594863
100,401,SA,0.6194144838212635,0.019081921
100,402,SA,0.6194144838212635,0.020573194
100,403,SA,0.6117103235747303,0.021711969
100,404,SA,0.613251155624037,0.021378899
100,405,SA,0.613251155624037,0.021456281
100,406,SA,0.613251155624037,0.020022561
100,407,SA,0.613251155624037,0.017838364
100,408,SA,0.613251155624037,0.018974553
100,409,SA,0.6117103235747303,0.018770339
100,410,SA,0.6147919876733436,0.020499357
100,411,SA,0.6163328197226502,0.022532594
100,412,SA,0.6163328197226502,0.019457316
100,413,SA,0.6163328197226502,0.022466764
100,414,SA,0.6163328197226502,0.023071324
100,415,SA,0.6163328197226502,0.021502281
100,416,SA,0.6163328197226502,0.021110683
100,417,SA,0.613251155624037,0.019190292
100,418,SA,0.6117103235747303,0.017920778
100,419,SA,0.6117103235747303,0.018626757
100,420,SA,0.6117103235747303,0.017916085
100,421,SA,0.6117103235747303,0.021287657
100,422,SA,0.6117103235747303,0.019049965
100,423,SA,0.6117103235747303,0.019589762
100,424,SA,0.6117103235747303,0.021406011
100,425,SA,0.6117103235747303,0.019404012
100,426,SA,0.6117103235747303,0.021662712
100,427,SA,0.6117103235747303,0.020629167
100,428,SA,0.6117103235747303,0.020241987
100,429,SA,0.6117103235747303,0.021430386
100,430,SA,0.6101694915254238,0.021405341
100,431,SA,0.6101694915254238,0.017920587
100,432,SA,0.6101694915254238,0.017975836
100,433,SA,0.6101694915254238,0.017973905
100,434,SA,0.6070878274268104,0.02054012
100,435,SA,0.6070878274268104,0.021463337
100,436,SA,0.6070878274268104,0.019997751
100,437,SA,0.6024653312788906,0.019384173
100,438,SA,0.6024653312788906,0.021225538
100,439,SA,0.6024653312788906,0.022571816
100,440,SA,0.6024653312788906,0.019665598
100,441,SA,0.6024653312788906,0.018484848
100,442,SA,0.6024653312788906,0.01966257
100,443,SA,0.6040061633281972,0.018785742
100,444,SA,0.6040061633281972,0.018308007
100,445,SA,0.6040061633281972,0.018947093
100,446,SA,0.6040061633281972,0.019439426
100,447,SA,0.6040061633281972,0.020118828
100,448,SA,0.6040061633281972,0.021595971
100,449,SA,0.6024653312788906,0.022980631
100,450,SA,0.6040061633281972,0.019586671
100,451,SA,0.6055469953775039,0.020547256
100,452,SA,0.6055469953775039,0.021166777
100,453,SA,0.6040061633281972,0.021529971
100,454,SA,0.6055469953775039,0.0219004
100,455,SA,0.6055469953775039,0.020330636
100,456,SA,0.6101694915254238,0.018955068
100,457,SA,0.5993836671802774,0.018541961
100,458,SA,0.5993836671802774,0.020657176
100,459,SA,0.5993836671802774,0.018710654
100,460,SA,0.6070878274268104,0.019260662
100,461,SA,0.6070878274268104,0.020669196
100,462,SA,0.6070878274268104,0.019186381
100,463,SA,0.6086286594761171,0.021029958
100,464,SA,0.5654853620955316,0.021655358
100,465,SA,0.5654853620955316,0.020673162
100,466,SA,0.5654853620955316,0.020146296
100,467,SA,0.5654853620955316,0.019646679
100,468,SA,0.5562403697996918,0.023772301
100,469,SA,0.5562403697996918,0.020082742
100,470,SA,0.5577812018489985,0.019617613
100,471,SA,0.5577812018489985,0.020716558
100,472,SA,0.5608628659476117,0.019510168
100,473,SA,0.5608628659476117,0.021463882
100,474,SA,0.5608628659476117,0.021329712
100,475,SA,0.5608628659476117,0.01941295
100,476,SA,0.5608628659476117,0.019059365
100,477,SA,0.559322033898305,0.023613608
100,478,SA,0.559322033898305,0.019744274
100,479,SA,0.559322033898305,0.021467805
100,480,SA,0.5654853620955316,0.021577798
100,481,SA,0.5670261941448382,0.019847809
100,482,SA,0.5654853620955316,0.018170538
100,483,SA,0.5670261941448382,0.019268853
100,484,SA,0.5670261941448382,0.019629896
100,485,SA,0.5670261941448382,0.017353986
100,486,SA,0.5670261941448382,0.022340406
100,487,SA,0.5670261941448382,0.023525943
100,488,SA,0.5670261941448382,0.019279921
100,489,SA,0.5731895223420647,0.019718178
100,490,SA,0.5731895223420647,0.022020879
100,491,SA,0.576271186440678,0.019712531
100,492,SA,0.576271186440678,0.018973963
100,493,SA,0.5731895223420647,0.019817027
100,494,SA,0.5731895223420647,0.018619474
100,495,SA,0.5577812018489985,0.019561756
100,496,SA,0.5577812018489985,0.019881298
100,497,SA,0.5577812018489985,0.021736384
100,498,SA,0.5577812018489985,0.019552266
100,499,SA,0.5577812018489985,0.021011648
100,500,SA,0.5577812018489985,0.018765778
100,501,SA,0.559322033898305,0.018780182
100,502,SA,0.559322033898305,0.02071423
100,503,SA,0.559322033898305,0.017932825
100,504,SA,0.5624036979969184,0.01794738
100,505,SA,0.5624036979969184,0.019659491
100,506,SA,0.5608628659476117,0.019248531
100,507,SA,0.5731895223420647,0.017701974
100,508,SA,0.5978428351309707,0.019301838
100,509,SA,0.5978428351309707,0.019943093
100,510,SA,0.5978428351309707,0.019450029
100,511,SA,0.5978428351309707,0.018793081
100,512,SA,0.5947611710323575,0.018781516
100,513,SA,0.5947611710323575,0.0184307
100,514,SA,0.5932203389830508,0.020858156
100,515,SA,0.5932203389830508,0.019278672
100,516,SA,0.5916795069337443,0.017753651
100,517,SA,0.5916795069337443,0.0201762
100,518,SA,0.5916795069337443,0.018912876
100,519,SA,0.5916795069337443,0.020504871
100,520,SA,0.5932203389830508,0.018463465
100,521,SA,0.5916795069337443,0.020017146
100,522,SA,0.5916795069337443,0.019398359
100,523,SA,0.5916795069337443,0.019563129
100,524,SA,0.5916795069337443,0.020264187
100,525,SA,0.5916795069337443,0.019349764
100,526,SA,0.5916795069337443,0.018828302
100,527,SA,0.5947611710323575,0.020703693
100,528,SA,0.5947611710323575,0.018979595
100,529,SA,0.5963020030816641,0.018793997
100,530,SA,0.5947611710323575,0.019631116
100,531,SA,0.5947611710323575,0.019853637
100,532,SA,0.5916795069337443,0.020230268
100,533,SA,0.5916795069337443,0.018338781
100,534,SA,0.5901386748844376,0.019613411
100,535,SA,0.5916795069337443,0.018382117
100,536,SA,0.5916795069337443,0.019846293
100,537,SA,0.5916795069337443,0.019062143
100,538,SA,0.5916795069337443,0.017787825
100,539,SA,0.5947611710323575,0.021000004
100,540,SA,0.5947611710323575,0.018678003
100,541,SA,0.5947611710323575,0.018778085
100,542,SA,0.5947611710323575,0.021595886
100,543,SA,0.5963020030816641,0.017654301
100,544,SA,0.5947611710323575,0.022418766
100,545,SA,0.5947611710323575,0.017787525
100,546,SA,0.5901386748844376,0.020114521
100,547,SA,0.5901386748844376,0.019323561
100,548,SA,0.5901386748844376,0.01853269
100,549,SA,0.5901386748844376,0.019327666
100,550,SA,0.5932203389830508,0.01920132
100,551,SA,0.5932203389830508,0.020030253
100,552,SA,0.5932203389830508,0.020266583
100,553,SA,0.5932203389830508,0.021899702
100,554,SA,0.5932203389830508,0.02399637
100,555,SA,0.5932203389830508,0.017216528
100,556,SA,0.5932203389830508,0.020070927
100,557,SA,0.5916795069337443,0.019671399
100,558,SA,0.5916795069337443,0.023040569
100,559,SA,0.5916795069337443,0.02089842
100,560,SA,0.5916795069337443,0.021631125
100,561,SA,0.5932203389830508,0.021130522
100,562,SA,0.5932203389830508,0.020607564
100,563,SA,0.6055469953775039,0.017747294
100,564,SA,0.6055469953775039,0.020912208
100,565,SA,0.6040061633281972,0.020675486
100,566,SA,0.6040061633281972,0.021555296
100,567,SA,0.6040061633281972,0.019760698
100,568,SA,0.6070878274268104,0.017552002
100,569,SA,0.5932203389830508,0.021449764
100,570,SA,0.5947611710323575,0.01824526
100,571,SA,0.5947611710323575,0.01817369
100,572,SA,0.5947611710323575,0.018659176
100,573,SA,0.5947611710323575,0.017130218
100,574,SA,0.5947611710323575,0.019206086
100,575,SA,0.5947611710323575,0.018902082
100,576,SA,0.5947611710323575,0.019742757
100,577,SA,0.5947611710323575,0.018478824
100,578,SA,0.5947611710323575,0.018365078
100,579,SA,0.5947611710323575,0.022655959
100,580,SA,0.5947611710323575,0.023050352
100,581,SA,0.5947611710323575,0.020750866
100,582,SA,0.5963020030816641,0.021315179
100,583,SA,0.5963020030816641,0.018668018
100,584,SA,0.5916795069337443,0.019697506
100,585,SA,0.5916795069337443,0.018080229
100,586,SA,0.5916795069337443,0.018899674
100,587,SA,0.5916795069337443,0.017825847
100,588,SA,0.5916795069337443,0.019835796
100,589,SA,0.5916795069337443,0.017613063
100,590,SA,0.5901386748844376,0.019699485
100,591,SA,0.5901386748844376,0.017660971
100,592,SA,0.5901386748844376,0.019085185
100,593,SA,0.5901386748844376,0.01819376
100,594,SA,0.5901386748844376,0.018492726
100,595,SA,0.588597842835131,0.017739301
100,596,SA,0.5963020030816641,0.017791786
100,597,SA,0.5963020030816641,0.020178271
100,598,SA,0.5963020030816641,0.018309734
100,599,SA,0.5916795069337443,0.019210274
100,600,SA,0.5932203389830508,0.019824554
100,601,SA,0.5916795069337443,0.017258629
100,602,SA,0.5916795069337443,0.019327408
100,603,SA,0.5870570107858244,0.021037225
100,604,SA,0.588597842835131,0.01842607
100,605,SA,0.5870570107858244,0.021335718
100,606,SA,0.5870570107858244,0.019118059
100,607,SA,0.588597842835131,0.020414634
100,608,SA,0.588597842835131,0.021892004
100,609,SA,0.588597842835131,0.019937686
100,610,SA,0.588597842835131,0.018632952
100,611,SA,0.5901386748844376,0.021285817
100,612,SA,0.5901386748844376,0.019735551
100,613,SA,0.5901386748844376,0.020533609
100,614,SA,0.588597842835131,0.023410004
100,615,SA,0.588597842835131,0.01966175
100,616,SA,0.5855161787365177,0.017563982
100,617,SA,0.5855161787365177,0.02108728
100,618,SA,0.5855161787365177,0.021126848
100,619,SA,0.588597842835131,0.019614157
100,620,SA,0.588597842835131,0.019890991
100,621,SA,0.588597842835131,0.021127216
100,622,SA,0.588597842835131,0.018013184
100,623,SA,0.588597842835131,0.018939193
100,624,SA,0.5870570107858244,0.017919164
100,625,SA,0.5870570107858244,0.018628739
100,626,SA,0.5870570107858244,0.022481023
100,627,SA,0.5870570107858244,0.017917052
100,628,SA,0.5870570107858244,0.02110461
100,629,SA,0.5808936825885979,0.022378071
100,630,SA,0.5793528505392912,0.022830613
100,631,SA,0.5716486902927581,0.018046592
100,632,SA,0.5716486902927581,0.020954729
100,633,SA,0.5716486902927581,0.019292137
100,634,SA,0.5701078582434514,0.020265573
100,635,SA,0.5701078582434514,0.018670191
100,636,SA,0.5731895223420647,0.019644347
100,637,SA,0.5716486902927581,0.018498571
100,638,SA,0.5716486902927581,0.02297523
100,639,SA,0.5716486902927581,0.021391055
100,640,SA,0.5716486902927581,0.021405359
100,641,SA,0.5716486902927581,0.018194015
100,642,SA,0.576271186440678,0.019829695
100,643,SA,0.5778120184899846,0.021868358
100,644,SA,0.5808936825885979,0.021499583
100,645,SA,0.5793528505392912,0.020703839
100,646,SA,0.5793528505392912,0.018821385
100,647,SA,0.5793528505392912,0.016818983
100,648,SA,0.5793528505392912,0.019459683
100,649,SA,0.5793528505392912,0.020040246
100,650,SA,0.5824345146379045,0.018808202
100,651,SA,0.5824345146379045,0.022106496
100,652,SA,0.5824345146379045,0.022790318
100,653,SA,0.5824345146379045,0.020306097
100,654,SA,0.5824345146379045,0.021164983
100,655,SA,0.5824345146379045,0.019997752
100,656,SA,0.5824345146379045,0.02113947
100,657,SA,0.5808936825885979,0.019223862
100,658,SA,0.5808936825885979,0.018797009
100,659,SA,0.5808936825885979,0.019240631
100,660,SA,0.5808936825885979,0.018794562
100,661,SA,0.5808936825885979,0.018828864
100,662,SA,0.5993836671802774,0.019598772
100,663,SA,0.5993836671802774,0.019372431
100,664,SA,0.5963020030816641,0.020023613
100,665,SA,0.600924499229584,0.018346851
100,666,SA,0.600924499229584,0.019594757
100,667,SA,0.600924499229584,0.017627144
100,668,SA,0.600924499229584,0.018585149
100,669,SA,0.5993836671802774,0.020580446
100,670,SA,0.600924499229584,0.019079253
100,671,SA,0.6024653312788906,0.017847523
100,672,SA,0.6024653312788906,0.019058115
100,673,SA,0.5993836671802774,0.018368708
100,674,SA,0.5993836671802774,0.018063822
100,675,SA,0.5993836671802774,0.017581932
100,676,SA,0.5993836671802774,0.018636504
100,677,SA,0.5963020030816641,0.017525444
100,678,SA,0.5932203389830508,0.018772235
100,679,SA,0.5916795069337443,0.018279352
100,680,SA,0.5916795069337443,0.018770904
100,681,SA,0.5916795069337443,0.022182476
100,682,SA,0.5916795069337443,0.021331684
100,683,SA,0.5916795069337443,0.019531132
100,684,SA,0.5901386748844376,0.019277493
100,685,SA,0.5901386748844376,0.018816405
100,686,SA,0.5901386748844376,0.018812554
100,687,SA,0.5963020030816641,0.019258434
100,688,SA,0.5947611710323575,0.018922581
100,689,SA,0.5947611710323575,0.017904649
100,690,SA,0.5947611710323575,0.018332615
100,691,SA,0.5947611710323575,0.017938713
100,692,SA,0.5916795069337443,0.01908058
100,693,SA,0.5916795069337443,0.020728364
100,694,SA,0.5916795069337443,0.01905979
100,695,SA,0.5916795069337443,0.019391841
100,696,SA,0.5932203389830508,0.018537065
100,697,SA,0.5947611710323575,0.018215124
100,698,SA,0.5947611710323575,0.020063696
100,699,SA,0.5947611710323575,0.020570744
100,700,SA,0.600924499229584,0.020130584
100,701,SA,0.600924499229584,0.019126244
100,702,SA,0.600924499229584,0.022183928
100,703,SA,0.6194144838212635,0.021074437
100,704,SA,0.613251155624037,0.020511013
100,705,SA,0.613251155624037,0.020520115
100,706,SA,0.613251155624037,0.019484716
100,707,SA,0.6147919876733436,0.021720938
100,708,SA,0.6117103235747303,0.022387334
100,709,SA,0.6117103235747303,0.022812187
100,710,SA,0.6117103235747303,0.0206735
100,711,SA,0.6117103235747303,0.016320576
100,712,SA,0.6101694915254238,0.018837029
100,713,SA,0.6147919876733436,0.022695267
100,714,SA,0.6147919876733436,0.019869172
100,715,SA,0.613251155624037,0.01889348
100,716,SA,0.6163328197226502,0.018417409
100,717,SA,0.6163328197226502,0.021640843
100,718,SA,0.6163328197226502,0.022122146
100,719,SA,0.6163328197226502,0.019549503
100,720,SA,0.6163328197226502,0.019241748
100,721,SA,0.6163328197226502,0.020063758
100,722,SA,0.613251155624037,0.022457359
100,723,SA,0.613251155624037,0.018938846
100,724,SA,0.613251155624037,0.021545452
100,725,SA,0.6147919876733436,0.022769067
100,726,SA,0.6147919876733436,0.018505421
100,727,SA,0.6147919876733436,0.021294408
100,728,SA,0.6147919876733436,0.020459359
100,729,SA,0.6147919876733436,0.02071026
100,730,SA,0.6147919876733436,0.020062142
100,731,SA,0.6147919876733436,0.018749415
100,732,SA,0.6147919876733436,0.019882393
100,733,SA,0.6194144838212635,0.021308993
100,734,SA,0.6194144838212635,0.019247509
100,735,SA,0.6194144838212635,0.020960825
100,736,SA,0.6194144838212635,0.020355477
100,737,SA,0.6178736517719569,0.020298525
100,738,SA,0.6178736517719569,0.019815972
100,739,SA,0.6178736517719569,0.018868129
100,740,SA,0.6178736517719569,0.019213047
100,741,SA,0.6178736517719569,0.020024555
100,742,SA,0.6178736517719569,0.017986043
100,743,SA,0.6178736517719569,0.020466744
100,744,SA,0.6178736517719569,0.020609659
100,745,SA,0.6178736517719569,0.017571242
100,746,SA,0.613251155624037,0.017957578
100,747,SA,0.613251155624037,0.021074108
100,748,SA,0.613251155624037,0.019470814
100,749,SA,0.613251155624037,0.020114706
100,750,SA,0.6117103235747303,0.01776917
100,751,SA,0.613251155624037,0.022536687
100,752,SA,0.613251155624037,0.020875254
100,753,SA,0.613251155624037,0.021653713
100,754,SA,0.613251155624037,0.020769727
100,755,SA,0.613251155624037,0.019476236
100,756,SA,0.613251155624037,0.018528153
100,757,SA,0.613251155624037,0.023025568
100,758,SA,0.613251155624037,0.017227516
100,759,SA,0.613251155624037,0.019341184
100,760,SA,0.613251155624037,0.022447723
100,761,SA,0.613251155624037,0.019449475
100,762,SA,0.613251155624037,0.01889128
100,763,SA,0.613251155624037,0.019885105
100,764,SA,0.613251155624037,0.018513828
100,765,SA,0.613251155624037,0.021250835
100,766,SA,0.613251155624037,0.020985742
100,767,SA,0.613251155624037,0.018683089
100,768,SA,0.613251155624037,0.018291476
100,769,SA,0.6117103235747303,0.020289169
100,770,SA,0.6117103235747303,0.017744293
100,771,SA,0.6117103235747303,0.019974874
100,772,SA,0.6117103235747303,0.020244811
100,773,SA,0.613251155624037,0.019715072
100,774,SA,0.6209553158705701,0.018636754
100,775,SA,0.6209553158705701,0.019750683
100,776,SA,0.6209553158705701,0.021103024
100,777,SA,0.6209553158705701,0.020162606
100,778,SA,0.6209553158705701,0.021911644
100,779,SA,0.6209553158705701,0.018012917
100,780,SA,0.6271186440677966,0.01774098
100,781,SA,0.6271186440677966,0.018734915
100,782,SA,0.6271186440677966,0.019671264
100,783,SA,0.6271186440677966,0.020208564
100,784,SA,0.6286594761171033,0.022227858
100,785,SA,0.6271186440677966,0.02250354
100,786,SA,0.6271186440677966,0.018017733
100,787,SA,0.6271186440677966,0.019066614
100,788,SA,0.6286594761171033,0.017100671
100,789,SA,0.6286594761171033,0.020486651
100,790,SA,0.6286594761171033,0.019351951
100,791,SA,0.6286594761171033,0.020842936
100,792,SA,0.6302003081664098,0.017492034
100,793,SA,0.6302003081664098,0.018687429
100,794,SA,0.6302003081664098,0.017642588
100,795,SA,0.6302003081664098,0.019174239
100,796,SA,0.6302003081664098,0.017875888
100,797,SA,0.6302003081664098,0.018912204
100,798,SA,0.6302003081664098,0.019594651
100,799,SA,0.6302003081664098,0.021737203
100,800,SA,0.6302003081664098,0.021034167
100,801,SA,0.6302003081664098,0.021220162
100,802,SA,0.6302003081664098,0.019246698
100,803,SA,0.6302003081664098,0.021045184
100,804,SA,0.6302003081664098,0.021368906
100,805,SA,0.6302003081664098,0.020251235
100,806,SA,0.6317411402157165,0.020945119
100,807,SA,0.6317411402157165,0.023520041
100,808,SA,0.6332819722650231,0.02270352
100,809,SA,0.6332819722650231,0.018312898
100,810,SA,0.6332819722650231,0.020738861
100,811,SA,0.6332819722650231,0.020104982
100,812,SA,0.6332819722650231,0.022002798
100,813,SA,0.6332819722650231,0.02257703
100,814,SA,0.6332819722650231,0.020637149
100,815,SA,0.6332819722650231,0.021377247
100,816,SA,0.6332819722650231,0.017822838
100,817,SA,0.6332819722650231,0.020650761
100,818,SA,0.6363636363636364,0.019791752
100,819,SA,0.637904468412943,0.020922638
100,820,SA,0.637904468412943,0.019946894
100,821,SA,0.637904468412943,0.018873773
100,822,SA,0.637904468412943,0.020981016
100,823,SA,0.637904468412943,0.017668409
100,824,SA,0.637904468412943,0.018783676
100,825,SA,0.637904468412943,0.021410149
100,826,SA,0.637904468412943,0.021171354
100,827,SA,0.637904468412943,0.020170396
100,828,SA,0.637904468412943,0.022018299
100,829,SA,0.637904468412943,0.019817691
100,830,SA,0.637904468412943,0.020490437
100,831,SA,0.637904468412943,0.023041571
100,832,SA,0.637904468412943,0.019118225
100,833,SA,0.637904468412943,0.022393708
100,834,SA,0.637904468412943,0.018088036
100,835,SA,0.637904468412943,0.021130468
100,836,SA,0.637904468412943,0.021816545
100,837,SA,0.637904468412943,0.018303607
100,838,SA,0.637904468412943,0.018750099
100,839,SA,0.637904468412943,0.018272515
100,840,SA,0.6409861325115562,0.018912086
100,841,SA,0.6425269645608629,0.0196095
100,842,SA,0.6425269645608629,0.019621996
100,843,SA,0.6425269645608629,0.022517116
100,844,SA,0.6440677966101694,0.0203264
100,845,SA,0.6440677966101694,0.020577039
100,846,SA,0.6440677966101694,0.022207036
100,847,SA,0.6440677966101694,0.018899273
100,848,SA,0.6440677966101694,0.022065619
100,849,SA,0.6440677966101694,0.023368674
100,850,SA,0.6440677966101694,0.019392886
100,851,SA,0.6440677966101694,0.020130003
100,852,SA,0.6440677966101694,0.020959467
100,853,SA,0.6440677966101694,0.023355515
100,854,SA,0.6440677966101694,0.018916672
100,855,SA,0.6440677966101694,0.018889303
100,856,SA,0.6440677966101694,0.020969302
100,857,SA,0.6440677966101694,0.019715683
100,858,SA,0.6409861325115562,0.020271869
100,859,SA,0.6409861325115562,0.019681071
100,860,SA,0.6409861325115562,0.022331256
100,861,SA,0.6440677966101694,0.019621391
100,862,SA,0.6440677966101694,0.018811969
100,863,SA,0.6440677966101694,0.019786334
100,864,SA,0.6440677966101694,0.018348067
100,865,SA,0.6440677966101694,0.022189555
100,866,SA,0.6440677966101694,0.019439935
100,867,SA,0.6440677966101694,0.020349367
100,868,SA,0.6440677966101694,0.021372881
100,869,SA,0.6440677966101694,0.024253836
100,870,SA,0.6440677966101694,0.023643467
100,871,SA,0.6440677966101694,0.018152172
100,872,SA,0.6440677966101694,0.017653916
100,873,SA,0.6440677966101694,0.019692145
100,874,SA,0.6440677966101694,0.01989794
100,875,SA,0.6425269645608629,0.019749982
100,876,SA,0.6425269645608629,0.01900063
100,877,SA,0.6425269645608629,0.019915749
100,878,SA,0.6456086286594761,0.01890689
100,879,SA,0.6456086286594761,0.019063092
100,880,SA,0.6456086286594761,0.01882364
100,881,SA,0.6456086286594761,0.021416527
100,882,SA,0.6456086286594761,0.020214052
100,883,SA,0.6456086286594761,0.019997376
100,884,SA,0.6456086286594761,0.019276411
100,885,SA,0.6456086286594761,0.019537849
100,886,SA,0.6456086286594761,0.021891416
100,887,SA,0.6456086286594761,0.019136026
100,888,SA,0.6425269645608629,0.018820906
100,889,SA,0.6440677966101694,0.024856595
100,890,SA,0.6440677966101694,0.019522081
100,891,SA,0.6440677966101694,0.019825777
100,892,SA,0.6440677966101694,0.018894153
100,893,SA,0.6440677966101694,0.021381827
100,894,SA,0.6440677966101694,0.022956414
100,895,SA,0.6440677966101694,0.018702413
100,896,SA,0.6440677966101694,0.019511846
100,897,SA,0.6440677966101694,0.018075364
100,898,SA,0.6440677966101694,0.019358202
100,899,SA,0.6440677966101694,0.017303064
100,900,SA,0.6440677966101694,0.02100656
100,901,SA,0.6440677966101694,0.02128974
100,902,SA,0.6409861325115562,0.020760206
100,903,SA,0.6409861325115562,0.018492706
100,904,SA,0.6409861325115562,0.018079572
100,905,SA,0.6409861325115562,0.019171404
100,906,SA,0.6425269645608629,0.01875016
100,907,SA,0.6425269645608629,0.019867325
100,908,SA,0.6425269645608629,0.017074413
100,909,SA,0.6425269645608629,0.017023767
100,910,SA,0.6409861325115562,0.019348115
100,911,SA,0.6409861325115562,0.019581576
100,912,SA,0.6394453004622496,0.019639271
100,913,SA,0.6394453004622496,0.020093495
100,914,SA,0.6394453004622496,0.02090368
100,915,SA,0.6394453004622496,0.018278167
100,916,SA,0.6394453004622496,0.018231437
100,917,SA,0.6394453004622496,0.022500777
100,918,SA,0.6394453004622496,0.018728414
100,919,SA,0.6394453004622496,0.018497933
100,920,SA,0.6394453004622496,0.020968165
100,921,SA,0.6394453004622496,0.021951069
100,922,SA,0.6394453004622496,0.022336804
100,923,SA,0.6425269645608629,0.022411758
100,924,SA,0.6425269645608629,0.01973731
100,925,SA,0.6425269645608629,0.019928574
100,926,SA,0.6425269645608629,0.017874201
100,927,SA,0.6425269645608629,0.017051076
100,928,SA,0.6425269645608629,0.020287353
100,929,SA,0.6425269645608629,0.020597274
100,930,SA,0.6425269645608629,0.017714943
100,931,SA,0.6425269645608629,0.017546998
100,932,SA,0.6425269645608629,0.020931157
100,933,SA,0.6425269645608629,0.018226562
100,934,SA,0.6425269645608629,0.022703493
100,935,SA,0.6425269645608629,0.020518328
100,936,SA,0.6425269645608629,0.020491473
100,937,SA,0.6425269645608629,0.023153822
100,938,SA,0.6425269645608629,0.01893026
100,939,SA,0.6425269645608629,0.017206494
100,940,SA,0.6425269645608629,0.021213242
100,941,SA,0.6425269645608629,0.021637588
100,942,SA,0.6425269645608629,0.022085287
100,943,SA,0.6425269645608629,0.019509766
100,944,SA,0.6425269645608629,0.02086957
100,945,SA,0.6425269645608629,0.021339774
100,946,SA,0.6425269645608629,0.020969155
100,947,SA,0.6425269645608629,0.019266851
100,948,SA,0.6425269645608629,0.022674499
100,949,SA,0.6425269645608629,0.021491002
100,950,SA,0.6425269645608629,0.02068728
100,951,SA,0.6425269645608629,0.020266337
100,952,SA,0.6425269645608629,0.018816234
100,953,SA,0.6425269645608629,0.019759623
100,954,SA,0.6425269645608629,0.019378783
100,955,SA,0.6425269645608629,0.018655062
100,956,SA,0.6425269645608629,0.018031287
100,957,SA,0.6425269645608629,0.021360337
100,958,SA,0.6425269645608629,0.020578926
100,959,SA,0.6456086286594761,0.018483511
100,960,SA,0.6456086286594761,0.021581776
100,961,SA,0.6456086286594761,0.019801089
100,962,SA,0.6456086286594761,0.019897036
100,963,SA,0.6456086286594761,0.021206609
100,964,SA,0.6456086286594761,0.017598674
100,965,SA,0.6456086286594761,0.023058332
100,966,SA,0.6456086286594761,0.021728797
100,967,SA,0.6456086286594761,0.01904547
100,968,SA,0.6456086286594761,0.018283387
100,969,SA,0.6456086286594761,0.020632604
100,970,SA,0.6456086286594761,0.019917621
100,971,SA,0.6456086286594761,0.019402956
100,972,SA,0.6456086286594761,0.021933915
100,973,SA,0.6456086286594761,0.022916472
100,974,SA,0.6471494607087828,0.019847906
100,975,SA,0.6471494607087828,0.018436791
100,976,SA,0.6471494607087828,0.019372392
100,977,SA,0.6471494607087828,0.021517322
100,978,SA,0.6471494607087828,0.020291289
100,979,SA,0.6456086286594761,0.019155927
100,980,SA,0.6456086286594761,0.019401951
100,981,SA,0.6456086286594761,0.022056192
100,982,SA,0.6456086286594761,0.021814714
100,983,SA,0.6456086286594761,0.018726088
100,984,SA,0.6440677966101694,0.022910774
100,985,SA,0.6440677966101694,0.022430171
100,986,SA,0.6440677966101694,0.020269262
100,987,SA,0.6440677966101694,0.017081757
100,988,SA,0.6440677966101694,0.020786204
100,989,SA,0.6456086286594761,0.020968693
100,990,SA,0.6456086286594761,0.019896659
100,991,SA,0.6456086286594761,0.021317019
100,992,SA,0.6456086286594761,0.019944081
100,993,SA,0.6456086286594761,0.018445645
100,994,SA,0.6456086286594761,0.02189781
100,995,SA,0.6456086286594761,0.01751009
100,996,SA,0.6456086286594761,0.019919392
100,997,SA,0.6456086286594761,0.017429103
100,998,SA,0.6456086286594761,0.019481297
100,999,SA,0.6456086286594761,0.018363182
100,1000,SA,0.6456086286594761,0.021099654
100,1001,SA,0.6456086286594761,0.019136149
100,1002,SA,0.6456086286594761,0.020417792
100,1003,SA,0.6456086286594761,0.018409102
100,1004,SA,0.6456086286594761,0.022616891
100,1005,SA,0.6456086286594761,0.022807682
100,1006,SA,0.6394453004622496,0.021554611
100,1007,SA,0.6394453004622496,0.020117796
100,1008,SA,0.6394453004622496,0.021726415
100,1009,SA,0.6394453004622496,0.017606472
100,1010,SA,0.6394453004622496,0.019302339
100,1011,SA,0.6394453004622496,0.020134435
100,1012,SA,0.6394453004622496,0.019357682
100,1013,SA,0.6394453004622496,0.019212043
100,1014,SA,0.6394453004622496,0.020801212
100,1015,SA,0.6409861325115562,0.021654423
100,1016,SA,0.6409861325115562,0.020915725
100,1017,SA,0.6394453004622496,0.020311077
100,1018,SA,0.6425269645608629,0.020112723
100,1019,SA,0.6425269645608629,0.018885847
100,1020,SA,0.6425269645608629,0.019241295
100,1021,SA,0.6517719568567026,0.020885521
100,1022,SA,0.6517719568567026,0.019920107
100,1023,SA,0.6517719568567026,0.018854307
100,1024,SA,0.6517719568567026,0.021055537
100,1025,SA,0.6517719568567026,0.020355399
100,1026,SA,0.6517719568567026,0.019883074
100,1027,SA,0.6517719568567026,0.017827027
100,1028,SA,0.6517719568567026,0.018390681
100,1029,SA,0.6548536209553159,0.018634192
100,1030,SA,0.6548536209553159,0.01763764
100,1031,SA,0.6548536209553159,0.018370844
100,1032,SA,0.6548536209553159,0.019855099
100,1033,SA,0.6548536209553159,0.018515373
100,1034,SA,0.6548536209553159,0.017109354
100,1035,SA,0.6563944530046225,0.023079471
100,1036,SA,0.6563944530046225,0.023374304
100,1037,SA,0.6563944530046225,0.019489751
100,1038,SA,0.6548536209553159,0.018379714
100,1039,SA,0.6548536209553159,0.018819178
100,1040,SA,0.6548536209553159,0.02087637
100,1041,SA,0.6548536209553159,0.021191096
100,1042,SA,0.6548536209553159,0.021071281
100,1043,SA,0.6594761171032357,0.019326966
100,1044,SA,0.6594761171032357,0.021913746
100,1045,SA,0.6594761171032357,0.019184165
100,1046,SA,0.6594761171032357,0.022900135
100,1047,SA,0.6610169491525424,0.021506902
100,1048,SA,0.6610169491525424,0.0236828
100,1049,SA,0.6594761171032357,0.018407331
100,1050,SA,0.6594761171032357,0.016856517
100,1051,SA,0.6594761171032357,0.023100962
100,1052,SA,0.6579352850539292,0.02015628
100,1053,SA,0.6579352850539292,0.020911694
100,1054,SA,0.6594761171032357,0.02107234
100,1055,SA,0.6594761171032357,0.020515561
100,1056,SA,0.6610169491525424,0.019811648
100,1057,SA,0.6610169491525424,0.017984831
100,1058,SA,0.6640986132511556,0.022315632
100,1059,SA,0.6640986132511556,0.019261908
100,1060,SA,0.6640986132511556,0.019263914
100,1061,SA,0.6656394453004623,0.020951562
100,1062,SA,0.6656394453004623,0.019724128
100,1063,SA,0.6656394453004623,0.017448054
100,1064,SA,0.6656394453004623,0.02327515
100,1065,SA,0.6656394453004623,0.02088647
100,1066,SA,0.6656394453004623,0.019401834
100,1067,SA,0.6656394453004623,0.021507783
100,1068,SA,0.6656394453004623,0.019586665
100,1069,SA,0.6656394453004623,0.020985072
100,1070,SA,0.6656394453004623,0.020010425
100,1071,SA,0.6656394453004623,0.020879392
100,1072,SA,0.6656394453004623,0.022089473
100,1073,SA,0.6656394453004623,0.019568548
100,1074,SA,0.662557781201849,0.018584192
100,1075,SA,0.662557781201849,0.018495489
100,1076,SA,0.662557781201849,0.025031892
100,1077,SA,0.6610169491525424,0.021104578
100,1078,SA,0.6610169491525424,0.019423313
100,1079,SA,0.6610169491525424,0.019640188
100,1080,SA,0.6610169491525424,0.020076593
100,1081,SA,0.6610169491525424,0.020503059
100,1082,SA,0.6610169491525424,0.021280918
100,1083,SA,0.6610169491525424,0.019238157
100,1084,SA,0.6610169491525424,0.020254744
100,1085,SA,0.6610169491525424,0.018044611
100,1086,SA,0.6610169491525424,0.021856978
100,1087,SA,0.6610169491525424,0.020194488
100,1088,SA,0.6610169491525424,0.022038763
100,1089,SA,0.6610169491525424,0.019073759
100,1090,SA,0.6594761171032357,0.021659927
100,1091,SA,0.6594761171032357,0.023840292
100,1092,SA,0.6594761171032357,0.020479637
100,1093,SA,0.6594761171032357,0.020561052
100,1094,SA,0.6594761171032357,0.021016164
100,1095,SA,0.6594761171032357,0.020791453
100,1096,SA,0.6594761171032357,0.01887032
100,1097,SA,0.6594761171032357,0.018904229
100,1098,SA,0.6594761171032357,0.020094132
100,1099,SA,0.6594761171032357,0.019952841
100,1100,SA,0.6594761171032357,0.019961471
100,1101,SA,0.6594761171032357,0.019750785
100,1102,SA,0.6610169491525424,0.020342564
100,1103,SA,0.6610169491525424,0.022913828
100,1104,SA,0.6610169491525424,0.020605384
100,1105,SA,0.6610169491525424,0.020119695
100,1106,SA,0.6610169491525424,0.020551818
100,1107,SA,0.6610169491525424,0.017359489
100,1108,SA,0.6640986132511556,0.019799059
100,1109,SA,0.6640986132511556,0.021827296
100,1110,SA,0.6640986132511556,0.019063198
100,1111,SA,0.6656394453004623,0.020908491
100,1112,SA,0.6656394453004623,0.018410805
100,1113,SA,0.6687211093990755,0.02119508
100,1114,SA,0.6687211093990755,0.021347001
100,1115,SA,0.6687211093990755,0.019814783
100,1116,SA,0.6671802773497689,0.018573459
100,1117,SA,0.6671802773497689,0.019393221
100,1118,SA,0.6671802773497689,0.018688082
100,1119,SA,0.6702619414483821,0.02036086
100,1120,SA,0.6733436055469953,0.01965338
100,1121,SA,0.674884437596302,0.019658919
100,1122,SA,0.674884437596302,0.018511236
100,1123,SA,0.674884437596302,0.019173531
100,1124,SA,0.674884437596302,0.021393907
100,1125,SA,0.674884437596302,0.019485205
100,1126,SA,0.674884437596302,0.022926532
100,1127,SA,0.674884437596302,0.021172968
100,1128,SA,0.674884437596302,0.018306781
100,1129,SA,0.674884437596302,0.020044209
100,1130,SA,0.674884437596302,0.019184102
100,1131,SA,0.674884437596302,0.01874985
100,1132,SA,0.674884437596302,0.020961612
100,1133,SA,0.674884437596302,0.021391984
100,1134,SA,0.674884437596302,0.020301797
100,1135,SA,0.674884437596302,0.020580753
100,1136,SA,0.674884437596302,0.019597467
100,1137,SA,0.674884437596302,0.019337562
100,1138,SA,0.674884437596302,0.01718888
100,1139,SA,0.674884437596302,0.019648032
100,1140,SA,0.674884437596302,0.017966627
100,1141,SA,0.674884437596302,0.021273192
100,1142,SA,0.674884437596302,0.01724565
100,1143,SA,0.674884437596302,0.02115335
100,1144,SA,0.674884437596302,0.022492439
100,1145,SA,0.674884437596302,0.021518549
100,1146,SA,0.674884437596302,0.021282785
100,1147,SA,0.674884437596302,0.022040741
100,1148,SA,0.674884437596302,0.020064689
100,1149,SA,0.674884437596302,0.01768534
100,1150,SA,0.674884437596302,0.018960295
100,1151,SA,0.6764252696456087,0.018585225
100,1152,SA,0.6764252696456087,0.021819246
100,1153,SA,0.674884437596302,0.018063417
100,1154,SA,0.674884437596302,0.021289098
100,1155,SA,0.674884437596302,0.02153959
100,1156,SA,0.674884437596302,0.019539027
100,1157,SA,0.674884437596302,0.02029043
100,1158,SA,0.674884437596302,0.022313746
100,1159,SA,0.674884437596302,0.020518621
100,1160,SA,0.674884437596302,0.020181439
100,1161,SA,0.674884437596302,0.022423939
100,1162,SA,0.674884437596302,0.019588051
100,1163,SA,0.674884437596302,0.018579347
100,1164,SA,0.674884437596302,0.021672508
100,1165,SA,0.674884437596302,0.019027094
100,1166,SA,0.674884437596302,0.017746925
100,1167,SA,0.674884437596302,0.019474754
100,1168,SA,0.6825885978428351,0.019661734
100,1169,SA,0.6825885978428351,0.019601462
100,1170,SA,0.6825885978428351,0.019215522
100,1171,SA,0.6825885978428351,0.020490003
100,1172,SA,0.6825885978428351,0.02160077
100,1173,SA,0.6810477657935285,0.019792368
100,1174,SA,0.6810477657935285,0.020684447
100,1175,SA,0.6795069337442219,0.018964453
100,1176,SA,0.6795069337442219,0.018790367
100,1177,SA,0.6795069337442219,0.020458189
100,1178,SA,0.6795069337442219,0.020896551
100,1179,SA,0.6795069337442219,0.02135114
100,1180,SA,0.6795069337442219,0.018532766
100,1181,SA,0.6795069337442219,0.020207074
100,1182,SA,0.6795069337442219,0.02230841
100,1183,SA,0.6795069337442219,0.022220432
100,1184,SA,0.6841294298921418,0.019458118
100,1185,SA,0.6841294298921418,0.021010931
100,1186,SA,0.6841294298921418,0.018730946
100,1187,SA,0.6856702619414484,0.0197312
100,1188,SA,0.6841294298921418,0.022887809
100,1189,SA,0.6841294298921418,0.023119325
100,1190,SA,0.6841294298921418,0.020965711
100,1191,SA,0.6841294298921418,0.020436281
100,1192,SA,0.6841294298921418,0.02130361
100,1193,SA,0.6841294298921418,0.02058755
100,1194,SA,0.6841294298921418,0.021547102
100,1195,SA,0.6841294298921418,0.020041238
100,1196,SA,0.6841294298921418,0.021682798
100,1197,SA,0.6841294298921418,0.021000683
100,1198,SA,0.6841294298921418,0.019166279
100,1199,SA,0.6841294298921418,0.02161092
100,1200,SA,0.6825885978428351,0.019408261
100,1201,SA,0.6825885978428351,0.019421216
100,1202,SA,0.6825885978428351,0.019254481
100,1203,SA,0.6856702619414484,0.019775005
100,1204,SA,0.6825885978428351,0.020196271
100,1205,SA,0.6825885978428351,0.018387022
100,1206,SA,0.6949152542372882,0.018009825
100,1207,SA,0.6949152542372882,0.018325891
100,1208,SA,0.6949152542372882,0.020573661
100,1209,SA,0.6949152542372882,0.019072175
100,1210,SA,0.6949152542372882,0.021711234
100,1211,SA,0.6949152542372882,0.020146764
100,1212,SA,0.6949152542372882,0.020779527
100,1213,SA,0.6949152542372882,0.019659981
100,1214,SA,0.6949152542372882,0.016970487
100,1215,SA,0.6949152542372882,0.019616341
100,1216,SA,0.6949152542372882,0.020584102
100,1217,SA,0.6933744221879815,0.021890845
100,1218,SA,0.6933744221879815,0.018987183
100,1219,SA,0.6933744221879815,0.01885752
100,1220,SA,0.6918335901386748,0.019392791
100,1221,SA,0.6918335901386748,0.019345077
100,1222,SA,0.6918335901386748,0.021157376
100,1223,SA,0.6918335901386748,0.021941188
100,1224,SA,0.6918335901386748,0.018376508
100,1225,SA,0.6918335901386748,0.021698823
100,1226,SA,0.6918335901386748,0.020103299
100,1227,SA,0.6918335901386748,0.019917222
100,1228,SA,0.6918335901386748,0.019518566
100,1229,SA,0.6918335901386748,0.022883998
100,1230,SA,0.6918335901386748,0.020077435
100,1231,SA,0.6933744221879815,0.020983954
100,1232,SA,0.6949152542372882,0.02035472
100,1233,SA,0.6949152542372882,0.021324603
100,1234,SA,0.6949152542372882,0.018074569
100,1235,SA,0.6949152542372882,0.020424984
100,1236,SA,0.6949152542372882,0.018244344
100,1237,SA,0.6933744221879815,0.021275806
100,1238,SA,0.6933744221879815,0.019508386
100,1239,SA,0.6949152542372882,0.017903183
100,1240,SA,0.6933744221879815,0.019840806
100,1241,SA,0.6933744221879815,0.019001792
100,1242,SA,0.6933744221879815,0.018604647
100,1243,SA,0.6933744221879815,0.018058743
100,1244,SA,0.6933744221879815,0.020649563
100,1245,SA,0.6933744221879815,0.021455767
100,1246,SA,0.6933744221879815,0.019847789
100,1247,SA,0.6964560862865947,0.018226589
100,1248,SA,0.6964560862865947,0.020014713
100,1249,SA,0.6964560862865947,0.018451661
100,1250,SA,0.6964560862865947,0.019479183
100,1251,SA,0.6979969183359014,0.018347385
100,1252,SA,0.6979969183359014,0.022676953
100,1253,SA,0.6979969183359014,0.019169913
100,1254,SA,0.6979969183359014,0.019341712
100,1255,SA,0.6979969183359014,0.020573788
100,1256,SA,0.6979969183359014,0.018592258
100,1257,SA,0.6979969183359014,0.020435803
100,1258,SA,0.6979969183359014,0.018840677
100,1259,SA,0.6979969183359014,0.020276818
100,1260,SA,0.6979969183359014,0.021255782
100,1261,SA,0.6979969183359014,0.020936037
100,1262,SA,0.6979969183359014,0.020502872
100,1263,SA,0.6933744221879815,0.01907382
100,1264,SA,0.6933744221879815,0.018154825
100,1265,SA,0.6933744221879815,0.018614498
100,1266,SA,0.6933744221879815,0.020568693
100,1267,SA,0.6933744221879815,0.019934778
100,1268,SA,0.6949152542372882,0.020531786
100,1269,SA,0.6949152542372882,0.01952261
100,1270,SA,0.6949152542372882,0.018625173
100,1271,SA,0.6949152542372882,0.020835581
100,1272,SA,0.6949152542372882,0.019277404
100,1273,SA,0.6949152542372882,0.020738626
100,1274,SA,0.6949152542372882,0.0186792
100,1275,SA,0.6918335901386748,0.020597274
100,1276,SA,0.6918335901386748,0.021744655
100,1277,SA,0.6918335901386748,0.018413959
100,1278,SA,0.6918335901386748,0.019533572
100,1279,SA,0.6949152542372882,0.019971274
100,1280,SA,0.6949152542372882,0.018608666
100,1281,SA,0.6949152542372882,0.018918393
100,1282,SA,0.6949152542372882,0.020270642
100,1283,SA,0.6949152542372882,0.021696639
100,1284,SA,0.6949152542372882,0.020935069
100,1285,SA,0.6949152542372882,0.019555375
100,1286,SA,0.6949152542372882,0.016757166
100,1287,SA,0.6949152542372882,0.021503717
100,1288,SA,0.6949152542372882,0.018520801
100,1289,SA,0.6933744221879815,0.019875128
100,1290,SA,0.6933744221879815,0.020566137
100,1291,SA,0.6933744221879815,0.021376473
100,1292,SA,0.6949152542372882,0.01860962
100,1293,SA,0.6964560862865947,0.01894186
100,1294,SA,0.6964560862865947,0.018478222
100,1295,SA,0.6964560862865947,0.020556509
100,1296,SA,0.6964560862865947,0.020793582
100,1297,SA,0.6964560862865947,0.022723963
100,1298,SA,0.6949152542372882,0.019461768
100,1299,SA,0.6949152542372882,0.02153739
100,1300,SA,0.6949152542372882,0.02056585
100,1301,SA,0.6964560862865947,0.018400496
100,1302,SA,0.6964560862865947,0.016780821
100,1303,SA,0.6964560862865947,0.019793486
100,1304,SA,0.6964560862865947,0.019226528
100,1305,SA,0.6964560862865947,0.016951871
100,1306,SA,0.6964560862865947,0.023800906
100,1307,SA,0.6979969183359014,0.020681405
100,1308,SA,0.6979969183359014,0.02039366
100,1309,SA,0.6979969183359014,0.022440154
100,1310,SA,0.6979969183359014,0.018908111
100,1311,SA,0.699537750385208,0.019758069
100,1312,SA,0.699537750385208,0.01961214
100,1313,SA,0.699537750385208,0.020057126
100,1314,SA,0.699537750385208,0.018323344
100,1315,SA,0.699537750385208,0.019108178
100,1316,SA,0.6856702619414484,0.022615318
100,1317,SA,0.6856702619414484,0.020149578
100,1318,SA,0.6856702619414484,0.020166284
100,1319,SA,0.6856702619414484,0.021435678
100,1320,SA,0.6856702619414484,0.018526119
100,1321,SA,0.687211093990755,0.020851706
100,1322,SA,0.687211093990755,0.020480926
100,1323,SA,0.687211093990755,0.017952099
100,1324,SA,0.687211093990755,0.018587888
100,1325,SA,0.687211093990755,0.01814987
100,1326,SA,0.687211093990755,0.020608876
100,1327,SA,0.687211093990755,0.021627611
100,1328,SA,0.6887519260400616,0.023656072
100,1329,SA,0.6887519260400616,0.022279987
100,1330,SA,0.6887519260400616,0.022631341
100,1331,SA,0.687211093990755,0.022812756
100,1332,SA,0.687211093990755,0.021831897
100,1333,SA,0.687211093990755,0.021909795
100,1334,SA,0.687211093990755,0.018481653
100,1335,SA,0.687211093990755,0.020227558
100,1336,SA,0.687211093990755,0.025178941
100,1337,SA,0.687211093990755,0.021408013
100,1338,SA,0.687211093990755,0.018646188
100,1339,SA,0.687211093990755,0.01999129
100,1340,SA,0.687211093990755,0.020093885
100,1341,SA,0.687211093990755,0.019933472
100,1342,SA,0.687211093990755,0.018219076
100,1343,SA,0.687211093990755,0.018725188
100,1344,SA,0.687211093990755,0.019435326
100,1345,SA,0.687211093990755,0.018348059
100,1346,SA,0.687211093990755,0.018683931
100,1347,SA,0.687211093990755,0.018065317
100,1348,SA,0.687211093990755,0.021440078
100,1349,SA,0.687211093990755,0.021905033
100,1350,SA,0.687211093990755,0.017596213
100,1351,SA,0.7103235747303543,0.018477333
100,1352,SA,0.7103235747303543,0.018758347
100,1353,SA,0.7103235747303543,0.019786721
100,1354,SA,0.7134052388289677,0.018333725
100,1355,SA,0.7072419106317411,0.023203137
100,1356,SA,0.7072419106317411,0.018740822
100,1357,SA,0.7072419106317411,0.018270036
100,1358,SA,0.7072419106317411,0.019419063
100,1359,SA,0.7072419106317411,0.018557887
100,1360,SA,0.7087827426810478,0.019655921
100,1361,SA,0.7087827426810478,0.019333267
100,1362,SA,0.7087827426810478,0.020456066
100,1363,SA,0.7087827426810478,0.018026716
100,1364,SA,0.7087827426810478,0.018173493
100,1365,SA,0.7087827426810478,0.020781953
100,1366,SA,0.7087827426810478,0.020225952
100,1367,SA,0.7087827426810478,0.018790717
100,1368,SA,0.7087827426810478,0.022911772
100,1369,SA,0.7087827426810478,0.021428613
100,1370,SA,0.7087827426810478,0.022500977
100,1371,SA,0.7087827426810478,0.023330136
100,1372,SA,0.7087827426810478,0.020171263
100,1373,SA,0.7087827426810478,0.020360248
100,1374,SA,0.7087827426810478,0.020140271
100,1375,SA,0.7087827426810478,0.021141265
100,1376,SA,0.7087827426810478,0.020244995
100,1377,SA,0.7087827426810478,0.01894098
100,1378,SA,0.7103235747303543,0.018941352
100,1379,SA,0.7103235747303543,0.0192836
100,1380,SA,0.7103235747303543,0.020339166
100,1381,SA,0.7103235747303543,0.024465949
100,1382,SA,0.7103235747303543,0.019808119
100,1383,SA,0.7103235747303543,0.020088791
100,1384,SA,0.7103235747303543,0.019274653
100,1385,SA,0.7103235747303543,0.02050414
100,1386,SA,0.7103235747303543,0.019598337
100,1387,SA,0.7103235747303543,0.018951923
100,1388,SA,0.7103235747303543,0.020292205
100,1389,SA,0.7103235747303543,0.018249277
100,1390,SA,0.7103235747303543,0.01941129
100,1391,SA,0.7103235747303543,0.018928219
100,1392,SA,0.711864406779661,0.019616066
100,1393,SA,0.7103235747303543,0.020109802
100,1394,SA,0.7103235747303543,0.021189081
100,1395,SA,0.711864406779661,0.019022646
100,1396,SA,0.711864406779661,0.023629597
100,1397,SA,0.711864406779661,0.019224002
100,1398,SA,0.711864406779661,0.021129777
100,1399,SA,0.711864406779661,0.018953855
100,1400,SA,0.711864406779661,0.022301404
100,1401,SA,0.711864406779661,0.021444676
100,1402,SA,0.711864406779661,0.017422762
100,1403,SA,0.7072419106317411,0.020243604
100,1404,SA,0.7072419106317411,0.020210972
100,1405,SA,0.7072419106317411,0.019622137
100,1406,SA,0.7072419106317411,0.020979528
100,1407,SA,0.7072419106317411,0.019371293
100,1408,SA,0.7057010785824345,0.020933317
100,1409,SA,0.7072419106317411,0.018241118
100,1410,SA,0.7072419106317411,0.021381743
100,1411,SA,0.7072419106317411,0.017595785
100,1412,SA,0.7072419106317411,0.020844779
100,1413,SA,0.7072419106317411,0.018524986
100,1414,SA,0.7072419106317411,0.02122398
100,1415,SA,0.7072419106317411,0.023544685
100,1416,SA,0.7072419106317411,0.018713682
100,1417,SA,0.7072419106317411,0.019874712
100,1418,SA,0.7072419106317411,0.01979707
100,1419,SA,0.7103235747303543,0.018463813
100,1420,SA,0.7103235747303543,0.017817703
100,1421,SA,0.7103235747303543,0.020212034
100,1422,SA,0.7103235747303543,0.020122188
100,1423,SA,0.7103235747303543,0.019993246
100,1424,SA,0.7103235747303543,0.018564221
100,1425,SA,0.7103235747303543,0.018877014
100,1426,SA,0.7103235747303543,0.018852823
100,1427,SA,0.7103235747303543,0.018868604
100,1428,SA,0.7103235747303543,0.019834685
100,1429,SA,0.7103235747303543,0.018456326
100,1430,SA,0.7103235747303543,0.01929054
100,1431,SA,0.7103235747303543,0.0199476
100,1432,SA,0.7103235747303543,0.019829347
100,1433,SA,0.7103235747303543,0.019035183
100,1434,SA,0.7103235747303543,0.020131634
100,1435,SA,0.7103235747303543,0.018797251
100,1436,SA,0.7103235747303543,0.018992211
100,1437,SA,0.7103235747303543,0.019586002
100,1438,SA,0.7103235747303543,0.020951138
100,1439,SA,0.7103235747303543,0.020825524
100,1440,SA,0.711864406779661,0.019914506
100,1441,SA,0.711864406779661,0.019667067
100,1442,SA,0.711864406779661,0.021824173
100,1443,SA,0.711864406779661,0.019819051
100,1444,SA,0.711864406779661,0.018765953
100,1445,SA,0.711864406779661,0.019641554
100,1446,SA,0.7134052388289677,0.021773944
100,1447,SA,0.7134052388289677,0.017732033
100,1448,SA,0.7149460708782742,0.019782152
100,1449,SA,0.7149460708782742,0.020635446
100,1450,SA,0.7195685670261941,0.018591027
100,1451,SA,0.7195685670261941,0.018556111
100,1452,SA,0.7195685670261941,0.021257143
100,1453,SA,0.7195685670261941,0.018640528
100,1454,SA,0.7180277349768875,0.017627815
100,1455,SA,0.7180277349768875,0.018998751
100,1456,SA,0.7195685670261941,0.020832072
100,1457,SA,0.7195685670261941,0.021789589
100,1458,SA,0.7195685670261941,0.017796855
100,1459,SA,0.7195685670261941,0.020523595
100,1460,SA,0.7211093990755008,0.020105048
100,1461,SA,0.7211093990755008,0.018964562
100,1462,SA,0.7195685670261941,0.01860473
100,1463,SA,0.7195685670261941,0.019066649
100,1464,SA,0.7195685670261941,0.019863361
100,1465,SA,0.7195685670261941,0.019882839
100,1466,SA,0.7195685670261941,0.019075311
100,1467,SA,0.7195685670261941,0.020278712
100,1468,SA,0.7195685670261941,0.019637379
100,1469,SA,0.7195685670261941,0.021975805
100,1470,SA,0.7195685670261941,0.018932475
100,1471,SA,0.7195685670261941,0.02059065
100,1472,SA,0.7195685670261941,0.02038582
100,1473,SA,0.7195685670261941,0.019721151
100,1474,SA,0.7180277349768875,0.021456019
100,1475,SA,0.7180277349768875,0.020517501
100,1476,SA,0.7180277349768875,0.020797971
100,1477,SA,0.7180277349768875,0.019609596
100,1478,SA,0.7180277349768875,0.01812569
100,1479,SA,0.7180277349768875,0.024026174
100,1480,SA,0.7180277349768875,0.019502152
100,1481,SA,0.7180277349768875,0.020326996
100,1482,SA,0.7180277349768875,0.018130664
100,1483,SA,0.7180277349768875,0.020758998
100,1484,SA,0.7180277349768875,0.018839572
100,1485,SA,0.7180277349768875,0.023085924
100,1486,SA,0.7180277349768875,0.019580022
100,1487,SA,0.7180277349768875,0.020044639
100,1488,SA,0.7180277349768875,0.019741764
100,1489,SA,0.7180277349768875,0.020826986
100,1490,SA,0.7180277349768875,0.020730358
100,1491,SA,0.7180277349768875,0.021705373
100,1492,SA,0.7164869029275809,0.019817806
100,1493,SA,0.7164869029275809,0.01869601
100,1494,SA,0.7164869029275809,0.017875855
100,1495,SA,0.7164869029275809,0.019543334
100,1496,SA,0.7164869029275809,0.017437349
100,1497,SA,0.7164869029275809,0.01979104
100,1498,SA,0.7164869029275809,0.019964133
100,1499,SA,0.7164869029275809,0.017925152
100,1500,SA,0.7149460708782742,0.018866654
100,1501,SA,0.7149460708782742,0.021442
100,1502,SA,0.7149460708782742,0.01943834
100,1503,SA,0.7134052388289677,0.019572489
100,1504,SA,0.7134052388289677,0.019637087
100,1505,SA,0.7134052388289677,0.017911129
100,1506,SA,0.7134052388289677,0.019694231
100,1507,SA,0.7134052388289677,0.019985197
100,1508,SA,0.7134052388289677,0.01891972
100,1509,SA,0.7134052388289677,0.019374071
100,1510,SA,0.7134052388289677,0.018303482
100,1511,SA,0.7134052388289677,0.017947526
100,1512,SA,0.7134052388289677,0.018052645
100,1513,SA,0.7134052388289677,0.018368144
100,1514,SA,0.7134052388289677,0.018307415
100,1515,SA,0.7134052388289677,0.018280398
100,1516,SA,0.7134052388289677,0.021256419
100,1517,SA,0.7134052388289677,0.019026179
100,1518,SA,0.7134052388289677,0.017837014
100,1519,SA,0.7134052388289677,0.0179167
100,1520,SA,0.7134052388289677,0.019328418
100,1521,SA,0.7164869029275809,0.018633465
100,1522,SA,0.7164869029275809,0.022529751
100,1523,SA,0.7164869029275809,0.019892993
100,1524,SA,0.7164869029275809,0.019003964
100,1525,SA,0.7164869029275809,0.021333275
100,1526,SA,0.7164869029275809,0.019754856
100,1527,SA,0.7164869029275809,0.020422053
100,1528,SA,0.7164869029275809,0.018506935
100,1529,SA,0.7164869029275809,0.022304447
100,1530,SA,0.7164869029275809,0.02108934
100,1531,SA,0.7180277349768875,0.019306932
100,1532,SA,0.7180277349768875,0.018942858
100,1533,SA,0.7164869029275809,0.019890739
100,1534,SA,0.7180277349768875,0.019188374
100,1535,SA,0.7164869029275809,0.018244245
100,1536,SA,0.7164869029275809,0.019893108
100,1537,SA,0.7164869029275809,0.019256532
100,1538,SA,0.7164869029275809,0.0222393
100,1539,SA,0.7164869029275809,0.022552561
100,1540,SA,0.7164869029275809,0.02069453
100,1541,SA,0.7164869029275809,0.01765413
100,1542,SA,0.7164869029275809,0.017889016
100,1543,SA,0.7149460708782742,0.018507875
100,1544,SA,0.7149460708782742,0.018254352
100,1545,SA,0.7149460708782742,0.018288881
100,1546,SA,0.7149460708782742,0.020302366
100,1547,SA,0.7149460708782742,0.022611075
100,1548,SA,0.7149460708782742,0.019474133
100,1549,SA,0.7149460708782742,0.020680914
100,1550,SA,0.7149460708782742,0.019037268
100,1551,SA,0.7149460708782742,0.017708701
100,1552,SA,0.7149460708782742,0.020977706
100,1553,SA,0.7149460708782742,0.020325847
100,1554,SA,0.7149460708782742,0.020851116
100,1555,SA,0.7149460708782742,0.01966479
100,1556,SA,0.7149460708782742,0.018292558
100,1557,SA,0.7149460708782742,0.018208371
100,1558,SA,0.7149460708782742,0.021014945
100,1559,SA,0.7149460708782742,0.019139744
100,1560,SA,0.7149460708782742,0.021109492
100,1561,SA,0.7149460708782742,0.021557843
100,1562,SA,0.7149460708782742,0.020515412
100,1563,SA,0.7164869029275809,0.02088061
100,1564,SA,0.7164869029275809,0.019917587
100,1565,SA,0.7226502311248074,0.023344069
100,1566,SA,0.7226502311248074,0.020956657
100,1567,SA,0.7226502311248074,0.019616484
100,1568,SA,0.7195685670261941,0.021101536
100,1569,SA,0.7195685670261941,0.017353957
100,1570,SA,0.7195685670261941,0.018393789
100,1571,SA,0.7195685670261941,0.022608387
100,1572,SA,0.7195685670261941,0.018920699
100,1573,SA,0.7195685670261941,0.018131648
100,1574,SA,0.7195685670261941,0.020098685
100,1575,SA,0.7195685670261941,0.021356093
100,1576,SA,0.7195685670261941,0.019127972
100,1577,SA,0.7195685670261941,0.019062016
100,1578,SA,0.7195685670261941,0.018645134
100,1579,SA,0.7195685670261941,0.020313088
100,1580,SA,0.7195685670261941,0.021032175
100,1581,SA,0.7195685670261941,0.020768199
100,1582,SA,0.7195685670261941,0.018193943
100,1583,SA,0.7195685670261941,0.021245175
100,1584,SA,0.7195685670261941,0.021663917
100,1585,SA,0.7195685670261941,0.017887971
100,1586,SA,0.7195685670261941,0.021760902
100,1587,SA,0.7195685670261941,0.019052822
100,1588,SA,0.7195685670261941,0.017806511
100,1589,SA,0.7195685670261941,0.020377544
100,1590,SA,0.7180277349768875,0.021573485
100,1591,SA,0.7180277349768875,0.02052661
100,1592,SA,0.7180277349768875,0.019352931
100,1593,SA,0.7180277349768875,0.019709167
100,1594,SA,0.7180277349768875,0.020030767
100,1595,SA,0.7180277349768875,0.019621836
100,1596,SA,0.7180277349768875,0.020396528
100,1597,SA,0.7180277349768875,0.019352242
100,1598,SA,0.7211093990755008,0.023319277
100,1599,SA,0.7211093990755008,0.021166148
100,1600,SA,0.7211093990755008,0.019142012
100,1601,SA,0.7211093990755008,0.02149412
100,1602,SA,0.7211093990755008,0.021801576
100,1603,SA,0.7211093990755008,0.02272768
100,1604,SA,0.7211093990755008,0.018693843
100,1605,SA,0.7211093990755008,0.018683471
100,1606,SA,0.7211093990755008,0.020076036
100,1607,SA,0.7211093990755008,0.017685688
100,1608,SA,0.7211093990755008,0.020679979
100,1609,SA,0.7211093990755008,0.019120704
100,1610,SA,0.7211093990755008,0.020453119
100,1611,SA,0.7211093990755008,0.021698515
100,1612,SA,0.7211093990755008,0.019755343
100,1613,SA,0.7211093990755008,0.018927784
100,1614,SA,0.7226502311248074,0.023495439
100,1615,SA,0.7226502311248074,0.018561135
100,1616,SA,0.7226502311248074,0.018695667
100,1617,SA,0.7226502311248074,0.019997272
100,1618,SA,0.7226502311248074,0.017954443
100,1619,SA,0.7226502311248074,0.020007362
100,1620,SA,0.7226502311248074,0.019732924
100,1621,SA,0.7226502311248074,0.019107003
100,1622,SA,0.7195685670261941,0.020600756
100,1623,SA,0.7195685670261941,0.018131195
100,1624,SA,0.7195685670261941,0.022299257
100,1625,SA,0.7195685670261941,0.021024726
100,1626,SA,0.7195685670261941,0.018948121
100,1627,SA,0.7195685670261941,0.021207913
100,1628,SA,0.7195685670261941,0.018960042
100,1629,SA,0.7195685670261941,0.017997666
100,1630,SA,0.7195685670261941,0.017987785
100,1631,SA,0.7195685670261941,0.019969463
100,1632,SA,0.7195685670261941,0.019285327
100,1633,SA,0.7211093990755008,0.019048647
100,1634,SA,0.7211093990755008,0.021305279
100,1635,SA,0.7211093990755008,0.018867112
100,1636,SA,0.7211093990755008,0.019418285
100,1637,SA,0.7211093990755008,0.019282835
100,1638,SA,0.724191063174114,0.021093593
100,1639,SA,0.724191063174114,0.019493239
100,1640,SA,0.724191063174114,0.019143819
100,1641,SA,0.724191063174114,0.020882353
100,1642,SA,0.724191063174114,0.020181186
100,1643,SA,0.724191063174114,0.021027016
100,1644,SA,0.724191063174114,0.020547087
100,1645,SA,0.724191063174114,0.018131194
100,1646,SA,0.724191063174114,0.020066759
100,1647,SA,0.724191063174114,0.021450279
100,1648,SA,0.724191063174114,0.021213771
100,1649,SA,0.724191063174114,0.021272234
100,1650,SA,0.724191063174114,0.021467152
100,1651,SA,0.724191063174114,0.02324475
100,1652,SA,0.724191063174114,0.018739661
100,1653,SA,0.724191063174114,0.01882283
100,1654,SA,0.724191063174114,0.017311421
100,1655,SA,0.724191063174114,0.018374987
100,1656,SA,0.7257318952234206,0.019517537
100,1657,SA,0.7257318952234206,0.022532163
100,1658,SA,0.7257318952234206,0.021348201
100,1659,SA,0.7257318952234206,0.020504727
100,1660,SA,0.7257318952234206,0.019633843
100,1661,SA,0.7257318952234206,0.022778133
100,1662,SA,0.724191063174114,0.018987968
100,1663,SA,0.724191063174114,0.018325548
100,1664,SA,0.724191063174114,0.019613481
100,1665,SA,0.724191063174114,0.018506231
100,1666,SA,0.724191063174114,0.019002416
100,1667,SA,0.724191063174114,0.02089618
100,1668,SA,0.7257318952234206,0.021484288
100,1669,SA,0.7257318952234206,0.018698201
100,1670,SA,0.7257318952234206,0.017827885
100,1671,SA,0.7257318952234206,0.021474056
100,1672,SA,0.7257318952234206,0.020608246
100,1673,SA,0.7257318952234206,0.022552597
100,1674,SA,0.7257318952234206,0.021272027
100,1675,SA,0.7257318952234206,0.018999817
100,1676,SA,0.7257318952234206,0.01939332
100,1677,SA,0.7257318952234206,0.019637608
100,1678,SA,0.7257318952234206,0.019453508
100,1679,SA,0.7257318952234206,0.022100064
100,1680,SA,0.724191063174114,0.020618187
100,1681,SA,0.724191063174114,0.021495813
100,1682,SA,0.7257318952234206,0.018980788
100,1683,SA,0.7257318952234206,0.021685014
100,1684,SA,0.7257318952234206,0.018682895
100,1685,SA,0.7257318952234206,0.017139561
100,1686,SA,0.7257318952234206,0.018928185
100,1687,SA,0.7257318952234206,0.019629268
100,1688,SA,0.7257318952234206,0.018241925
100,1689,SA,0.7257318952234206,0.019583151
100,1690,SA,0.7257318952234206,0.020798408
100,1691,SA,0.7272727272727273,0.017767599
100,1692,SA,0.7272727272727273,0.021299373
100,1693,SA,0.7272727272727273,0.020666706
100,1694,SA,0.7272727272727273,0.018587182
100,1695,SA,0.7288135593220338,0.018434417
100,1696,SA,0.7288135593220338,0.022006732
100,1697,SA,0.7272727272727273,0.018444349
100,1698,SA,0.7272727272727273,0.019387606
100,1699,SA,0.7272727272727273,0.019591976
100,1700,SA,0.7272727272727273,0.019940859
100,1701,SA,0.7272727272727273,0.0189319
100,1702,SA,0.7272727272727273,0.017625868
100,1703,SA,0.7272727272727273,0.02073533
100,1704,SA,0.7272727272727273,0.02011863
100,1705,SA,0.7272727272727273,0.018141292
100,1706,SA,0.7272727272727273,0.021849443
100,1707,SA,0.7272727272727273,0.018108065
100,1708,SA,0.7272727272727273,0.019046081
100,1709,SA,0.7272727272727273,0.018967599
100,1710,SA,0.7272727272727273,0.02118202
100,1711,SA,0.7288135593220338,0.021740549
100,1712,SA,0.7288135593220338,0.019690496
100,1713,SA,0.7288135593220338,0.018408199
100,1714,SA,0.7318952234206472,0.019920786
100,1715,SA,0.7318952234206472,0.019277332
100,1716,SA,0.7318952234206472,0.022151398
100,1717,SA,0.7318952234206472,0.021661903
100,1718,SA,0.7318952234206472,0.020943004
100,1719,SA,0.7318952234206472,0.021263391
100,1720,SA,0.7303543913713405,0.021134988
100,1721,SA,0.7303543913713405,0.020042659
100,1722,SA,0.7303543913713405,0.021278752
100,1723,SA,0.7303543913713405,0.018841148
100,1724,SA,0.7303543913713405,0.020400516
100,1725,SA,0.7303543913713405,0.019412464
100,1726,SA,0.7303543913713405,0.019338077
100,1727,SA,0.7318952234206472,0.01871779
100,1728,SA,0.7318952234206472,0.022266936
100,1729,SA,0.7318952234206472,0.022635839
100,1730,SA,0.7303543913713405,0.019867772
100,1731,SA,0.7303543913713405,0.021018398
100,1732,SA,0.7303543913713405,0.019837495
100,1733,SA,0.7272727272727273,0.021817743
100,1734,SA,0.7272727272727273,0.018304383
100,1735,SA,0.7272727272727273,0.019143809
100,1736,SA,0.7272727272727273,0.021747433
100,1737,SA,0.7257318952234206,0.022462519
100,1738,SA,0.7257318952234206,0.022315757
100,1739,SA,0.7257318952234206,0.018889905
100,1740,SA,0.7257318952234206,0.020514608
100,1741,SA,0.7257318952234206,0.02342635
100,1742,SA,0.7257318952234206,0.021359003
100,1743,SA,0.7257318952234206,0.021655938
100,1744,SA,0.7257318952234206,0.021858973
100,1745,SA,0.7257318952234206,0.01820854
100,1746,SA,0.7257318952234206,0.018906254
100,1747,SA,0.7257318952234206,0.016502063
100,1748,SA,0.7257318952234206,0.018555098
100,1749,SA,0.7257318952234206,0.019695609
100,1750,SA,0.7257318952234206,0.01955201
100,1751,SA,0.7257318952234206,0.020375652
100,1752,SA,0.7272727272727273,0.019005659
100,1753,SA,0.7272727272727273,0.02067941
100,1754,SA,0.7272727272727273,0.019920489
100,1755,SA,0.7272727272727273,0.018975238
100,1756,SA,0.7257318952234206,0.023599217
100,1757,SA,0.7257318952234206,0.022616551
100,1758,SA,0.7257318952234206,0.020304462
100,1759,SA,0.7257318952234206,0.020755211
100,1760,SA,0.7257318952234206,0.019712044
100,1761,SA,0.7257318952234206,0.01757254
100,1762,SA,0.7272727272727273,0.024371622
100,1763,SA,0.7303543913713405,0.020313571
100,1764,SA,0.7303543913713405,0.02019907
100,1765,SA,0.7303543913713405,0.020285952
100,1766,SA,0.7303543913713405,0.022119716
100,1767,SA,0.7303543913713405,0.0215219
100,1768,SA,0.7303543913713405,0.018861049
100,1769,SA,0.7318952234206472,0.01754547
100,1770,SA,0.7318952234206472,0.019384231
100,1771,SA,0.7318952234206472,0.020976086
100,1772,SA,0.7318952234206472,0.018681846
100,1773,SA,0.7318952234206472,0.020974763
100,1774,SA,0.7318952234206472,0.017938174
100,1775,SA,0.7318952234206472,0.020120436
100,1776,SA,0.7318952234206472,0.021201243
100,1777,SA,0.7318952234206472,0.020426949
100,1778,SA,0.7318952234206472,0.02175115
100,1779,SA,0.7334360554699538,0.020971468
100,1780,SA,0.7334360554699538,0.02004884
100,1781,SA,0.7334360554699538,0.019052062
100,1782,SA,0.7334360554699538,0.018761401
100,1783,SA,0.7318952234206472,0.018763804
100,1784,SA,0.7334360554699538,0.023891655
100,1785,SA,0.7334360554699538,0.019544499
100,1786,SA,0.7334360554699538,0.017212011
100,1787,SA,0.7334360554699538,0.020763322
100,1788,SA,0.7334360554699538,0.019337381
100,1789,SA,0.7334360554699538,0.019377599
100,1790,SA,0.7334360554699538,0.022873354
100,1791,SA,0.7303543913713405,0.021865476
100,1792,SA,0.7303543913713405,0.018517637
100,1793,SA,0.7303543913713405,0.020677652
100,1794,SA,0.7303543913713405,0.020838029
100,1795,SA,0.7303543913713405,0.020733856
100,1796,SA,0.7318952234206472,0.018075927
100,1797,SA,0.7318952234206472,0.020632003
100,1798,SA,0.7318952234206472,0.021382661
100,1799,SA,0.7318952234206472,0.01758297
100,1800,SA,0.7318952234206472,0.023280194
100,1801,SA,0.7318952234206472,0.019231934
100,1802,SA,0.7303543913713405,0.022835911
100,1803,SA,0.7303543913713405,0.018554349
100,1804,SA,0.7288135593220338,0.018146548
100,1805,SA,0.7288135593220338,0.020962959
100,1806,SA,0.7288135593220338,0.016546725
100,1807,SA,0.7288135593220338,0.021354932
100,1808,SA,0.7288135593220338,0.019710375
100,1809,SA,0.7288135593220338,0.019188333
100,1810,SA,0.7288135593220338,0.020286428
100,1811,SA,0.7288135593220338,0.021324105
100,1812,SA,0.7288135593220338,0.017796944
100,1813,SA,0.7288135593220338,0.019462526
100,1814,SA,0.7288135593220338,0.018561394
100,1815,SA,0.7288135593220338,0.020156123
100,1816,SA,0.7288135593220338,0.022346888
100,1817,SA,0.7288135593220338,0.018561492
100,1818,SA,0.7288135593220338,0.020183411
100,1819,SA,0.7288135593220338,0.022207462
100,1820,SA,0.7288135593220338,0.017356494
100,1821,SA,0.7288135593220338,0.017376647
100,1822,SA,0.7288135593220338,0.017304141
100,1823,SA,0.7288135593220338,0.020289577
100,1824,SA,0.7334360554699538,0.01894278
100,1825,SA,0.7334360554699538,0.020320722
100,1826,SA,0.7334360554699538,0.023206364
100,1827,SA,0.7334360554699538,0.020250027
100,1828,SA,0.7334360554699538,0.019124892
100,1829,SA,0.7334360554699538,0.022211351
100,1830,SA,0.7334360554699538,0.019888413
100,1831,SA,0.7334360554699538,0.023182674
100,1832,SA,0.7334360554699538,0.019800684
100,1833,SA,0.7334360554699538,0.020233066
100,1834,SA,0.7334360554699538,0.020183245
100,1835,SA,0.7334360554699538,0.020998386
100,1836,SA,0.7334360554699538,0.022122067
100,1837,SA,0.7334360554699538,0.01957839
100,1838,SA,0.7334360554699538,0.021101534
100,1839,SA,0.7334360554699538,0.02025715
100,1840,SA,0.7334360554699538,0.019600372
100,1841,SA,0.7334360554699538,0.019061484
100,1842,SA,0.7334360554699538,0.021038312
100,1843,SA,0.7334360554699538,0.02298758
100,1844,SA,0.7380585516178737,0.022391661
100,1845,SA,0.7380585516178737,0.01898982
100,1846,SA,0.7380585516178737,0.019628243
100,1847,SA,0.7380585516178737,0.02052827
100,1848,SA,0.7380585516178737,0.019043799
100,1849,SA,0.7380585516178737,0.0183603
100,1850,SA,0.7380585516178737,0.023508911
100,1851,SA,0.7380585516178737,0.022744897
100,1852,SA,0.7395993836671803,0.018561494
100,1853,SA,0.7395993836671803,0.017956496
100,1854,SA,0.7395993836671803,0.020781817
100,1855,SA,0.7395993836671803,0.017691109
100,1856,SA,0.7395993836671803,0.021114553
100,1857,SA,0.7395993836671803,0.022096944
100,1858,SA,0.7395993836671803,0.01934489
100,1859,SA,0.7395993836671803,0.022216581
100,1860,SA,0.7411402157164869,0.019137181
100,1861,SA,0.7411402157164869,0.021600442
100,1862,SA,0.7395993836671803,0.019491169
100,1863,SA,0.7411402157164869,0.020640749
100,1864,SA,0.7411402157164869,0.019310323
100,1865,SA,0.7380585516178737,0.021829788
100,1866,SA,0.7395993836671803,0.020207504
100,1867,SA,0.7395993836671803,0.020420047
100,1868,SA,0.7380585516178737,0.020737674
100,1869,SA,0.7380585516178737,0.019699734
100,1870,SA,0.7395993836671803,0.020376215
100,1871,SA,0.7395993836671803,0.020666648
100,1872,SA,0.7395993836671803,0.019050309
100,1873,SA,0.7395993836671803,0.018477985
100,1874,SA,0.7395993836671803,0.022444046
100,1875,SA,0.7395993836671803,0.021618045
100,1876,SA,0.7395993836671803,0.020858029
100,1877,SA,0.7395993836671803,0.01811224
100,1878,SA,0.7395993836671803,0.017533739
100,1879,SA,0.7395993836671803,0.017259892
100,1880,SA,0.7395993836671803,0.020205578
100,1881,SA,0.7395993836671803,0.019226767
100,1882,SA,0.7395993836671803,0.017844022
100,1883,SA,0.7395993836671803,0.019531794
100,1884,SA,0.7395993836671803,0.018313521
100,1885,SA,0.7395993836671803,0.018870837
100,1886,SA,0.7395993836671803,0.020925269
100,1887,SA,0.7395993836671803,0.020017142
100,1888,SA,0.7395993836671803,0.019422307
100,1889,SA,0.7395993836671803,0.022503181
100,1890,SA,0.7395993836671803,0.022089306
100,1891,SA,0.7395993836671803,0.020554105
100,1892,SA,0.7426810477657936,0.020726207
100,1893,SA,0.7442218798151001,0.019306155
100,1894,SA,0.7442218798151001,0.022201924
100,1895,SA,0.7442218798151001,0.020379944
100,1896,SA,0.7442218798151001,0.01823243
100,1897,SA,0.7442218798151001,0.021175906
100,1898,SA,0.7395993836671803,0.020230344
100,1899,SA,0.7395993836671803,0.019433231
100,1900,SA,0.7395993836671803,0.017875746
100,1901,SA,0.7411402157164869,0.018129914
100,1902,SA,0.7411402157164869,0.019653931
100,1903,SA,0.7411402157164869,0.020383378
100,1904,SA,0.7457627118644068,0.018525692
100,1905,SA,0.7457627118644068,0.021958707
100,1906,SA,0.7457627118644068,0.019472563
100,1907,SA,0.7457627118644068,0.022722293
100,1908,SA,0.7457627118644068,0.019589786
100,1909,SA,0.7457627118644068,0.020631835
100,1910,SA,0.7457627118644068,0.020737237
100,1911,SA,0.7457627118644068,0.016708658
100,1912,SA,0.7457627118644068,0.01913793
100,1913,SA,0.74884437596302,0.020145004
100,1914,SA,0.74884437596302,0.019617669
100,1915,SA,0.74884437596302,0.016997185
100,1916,SA,0.74884437596302,0.020023348
100,1917,SA,0.74884437596302,0.020676171
100,1918,SA,0.74884437596302,0.022917333
100,1919,SA,0.7473035439137135,0.022444395
100,1920,SA,0.7473035439137135,0.018316493
100,1921,SA,0.7473035439137135,0.019225466
100,1922,SA,0.7580893682588598,0.022540314
100,1923,SA,0.7580893682588598,0.017864869
100,1924,SA,0.7580893682588598,0.019212662
100,1925,SA,0.7580893682588598,0.019762703
100,1926,SA,0.7580893682588598,0.019560778
100,1927,SA,0.7580893682588598,0.022067903
100,1928,SA,0.7565485362095532,0.018959017
100,1929,SA,0.7580893682588598,0.020827346
100,1930,SA,0.7580893682588598,0.019259823
100,1931,SA,0.7580893682588598,0.022971626
100,1932,SA,0.7580893682588598,0.019423617
100,1933,SA,0.7580893682588598,0.02121986
100,1934,SA,0.7580893682588598,0.020408348
100,1935,SA,0.7580893682588598,0.01822392
100,1936,SA,0.7565485362095532,0.019568822
100,1937,SA,0.7565485362095532,0.020031189
100,1938,SA,0.7611710323574731,0.019359984
100,1939,SA,0.7611710323574731,0.018563914
100,1940,SA,0.7611710323574731,0.019681779
100,1941,SA,0.7627118644067796,0.022557859
100,1942,SA,0.7627118644067796,0.01919318
100,1943,SA,0.7627118644067796,0.021538037
100,1944,SA,0.7627118644067796,0.020241366
100,1945,SA,0.7627118644067796,0.020965867
100,1946,SA,0.7627118644067796,0.021675058
100,1947,SA,0.7627118644067796,0.019512582
100,1948,SA,0.7627118644067796,0.020187457
100,1949,SA,0.7627118644067796,0.022964515
100,1950,SA,0.7627118644067796,0.021208898
100,1951,SA,0.7627118644067796,0.020832541
100,1952,SA,0.7642526964560863,0.022341126
100,1953,SA,0.7642526964560863,0.019822989
100,1954,SA,0.7642526964560863,0.018995533
100,1955,SA,0.7642526964560863,0.018910052
100,1956,SA,0.7642526964560863,0.018955115
100,1957,SA,0.7642526964560863,0.018028515
100,1958,SA,0.7642526964560863,0.018528847
100,1959,SA,0.7642526964560863,0.018568554
100,1960,SA,0.7642526964560863,0.019274186
100,1961,SA,0.7642526964560863,0.020193082
100,1962,SA,0.7642526964560863,0.022621982
100,1963,SA,0.7642526964560863,0.021959888
100,1964,SA,0.7642526964560863,0.017619388
100,1965,SA,0.7642526964560863,0.023261275
100,1966,SA,0.7642526964560863,0.018631886
100,1967,SA,0.7627118644067796,0.019380074
100,1968,SA,0.7627118644067796,0.0180898
100,1969,SA,0.7627118644067796,0.017040639
100,1970,SA,0.7627118644067796,0.018970419
100,1971,SA,0.7627118644067796,0.021478316
100,1972,SA,0.7627118644067796,0.019782405
100,1973,SA,0.7627118644067796,0.022256967
100,1974,SA,0.7642526964560863,0.019537873
100,1975,SA,0.7642526964560863,0.019409363
100,1976,SA,0.7642526964560863,0.022509942
100,1977,SA,0.7642526964560863,0.01951315
100,1978,SA,0.7642526964560863,0.019367477
100,1979,SA,0.7627118644067796,0.020729445
100,1980,SA,0.7627118644067796,0.018016617
100,1981,SA,0.7627118644067796,0.021380775
100,1982,SA,0.7627118644067796,0.017840859
100,1983,SA,0.7627118644067796,0.020478528
100,1984,SA,0.7627118644067796,0.019596706
100,1985,SA,0.7627118644067796,0.018573245
100,1986,SA,0.7627118644067796,0.01935674
100,1987,SA,0.7627118644067796,0.019385259
100,1988,SA,0.7596302003081664,0.018879772
100,1989,SA,0.7596302003081664,0.019956851
100,1990,SA,0.7611710323574731,0.018668262
100,1991,SA,0.7611710323574731,0.020381572
100,1992,SA,0.7611710323574731,0.021136711
100,1993,SA,0.765793528505393,0.019919484
100,1994,SA,0.7642526964560863,0.021078039
100,1995,SA,0.7642526964560863,0.020471738
100,1996,SA,0.7642526964560863,0.018257557
100,1997,SA,0.7642526964560863,0.019243469
100,1998,SA,0.7642526964560863,0.018997408
100,1999,SA,0.7642526964560863,0.02016521
100,2000,SA,0.7642526964560863,0.019866762